1 0.1 0 0 2 
2 0.2 0 0 2 
3 0.2 0.1 0 4 
4 0.2 0.2 0 4 
5 0.2 0.3 0 4 
6 0.2 0.4 0 4 
7 0.2 0.5 0 4 
8 0.2 0.6 0 4 
9 0.2 0.7 0 4 
10 0.2 0.8 0 4 
11 0.2 0.9 0 4 
12 0.2 1 0 4 
13 0.2 1.1 0 4 
14 0.2 1.2 0 4 
15 0.2 1.2 -0.1 6 
16 0.1005 1.20998 -0.1 1 
17 0.000999169 1.21997 -0.1 1 
18 0.000999169 1.21997 -0.2 6 
19 0.000999169 1.21997 -0.3 6 
20 -0.0945345 1.24952 -0.3 1 
21 -0.190068 1.27907 -0.3 1 
22 -0.190068 1.27907 -0.4 6 
23 -0.190068 1.27907 -0.5 6 
24 -0.277826 1.32701 -0.5 1 
25 -0.365585 1.37496 -0.5 1 
26 -0.453343 1.4229 -0.5 1 
27 -0.541101 1.47084 -0.5 1 
28 -0.628859 1.51878 -0.5 1 
29 -0.716618 1.56673 -0.5 1 
30 -0.716618 1.56673 -0.4 5 
31 -0.808724 1.60567 -0.4 1 
32 -0.808724 1.60567 -0.3 5 
33 -0.808724 1.60567 -0.2 5 
34 -0.90673 1.62553 -0.2 1 
35 -1.00474 1.6454 -0.2 1 
36 -1.10274 1.66527 -0.2 1 
37 -1.10274 1.66527 -0.1 5 
38 -1.10274 1.66527 -2.77556e-17 5 
39 -1.20274 1.66527 -2.77556e-17 1 
40 -1.30274 1.66527 -2.77556e-17 1 
41 -1.40274 1.66527 -2.77556e-17 1 
42 -1.50274 1.66527 -2.77556e-17 1 
43 -1.60274 1.66527 -2.77556e-17 1 
44 -1.70274 1.66527 -2.77556e-17 1 
45 -1.80274 1.66527 -2.77556e-17 1 
46 -1.80274 1.66527 0.1 5 
47 -1.90224 1.65529 0.1 1 
48 -2.00174 1.6453 0.1 1 
49 -2.10124 1.63532 0.1 1 
50 -2.20075 1.62534 0.1 1 
51 -2.30025 1.61535 0.1 1 
52 -2.30025 1.61535 0.2 5 
53 -2.39825 1.59549 0.2 1 
54 -2.49626 1.57562 0.2 1 
55 -2.59427 1.55575 0.2 1 
56 -2.69227 1.53588 0.2 1 
57 -2.79028 1.51602 0.2 1 
58 -2.88829 1.49615 0.2 1 
59 -2.98629 1.47628 0.2 1 
60 -2.98629 1.47628 0.1 6 
61 -3.08579 1.4663 0.1 1 
62 -3.18529 1.45632 0.1 1 
63 -3.18529 1.45632 -2.77556e-17 6 
64 -3.18529 1.45632 -0.1 6 
65 -3.28479 1.4663 -0.1 1 
66 -3.38429 1.47628 -0.1 1 
67 -3.38429 1.47628 -0.2 6 
68 -3.4823 1.49615 -0.2 1 
69 -3.58031 1.51602 -0.2 1 
70 -3.67831 1.53588 -0.2 1 
71 -3.77632 1.55575 -0.2 1 
72 -3.87433 1.57562 -0.2 1 
73 -3.97233 1.59549 -0.2 1 
74 -4.07034 1.61535 -0.2 1 
75 -4.07034 1.61535 -0.3 6 
76 -4.16587 1.6449 -0.3 1 
77 -4.16587 1.6449 -0.4 6 
78 -4.25798 1.68385 -0.4 1 
79 -4.35009 1.72279 -0.4 1 
80 -4.44219 1.76173 -0.4 1 
81 -4.5343 1.80067 -0.4 1 
82 -4.6264 1.83961 -0.4 1 
83 -4.71851 1.87856 -0.4 1 
84 -4.71851 1.87856 -0.3 5 
85 -4.71851 1.87856 -0.2 5 
86 -4.71851 1.87856 -0.1 5 
87 -4.71851 1.87856 -2.77556e-17 5 
88 -4.71851 1.87856 0.1 5 
89 -4.81801 1.86857 0.1 1 
90 -4.91751 1.85859 0.1 1 
91 -4.91751 1.85859 0.2 5 
92 -5.01552 1.83872 0.2 1 
93 -5.01552 1.83872 0.3 5 
94 -5.11105 1.80917 0.3 1 
95 -5.11105 1.80917 0.4 5 
96 -5.20316 1.77023 0.4 1 
97 -5.20316 1.77023 0.5 5 
98 -5.29092 1.72229 0.5 1 
99 -5.29092 1.72229 0.6 5 
100 -5.37345 1.66582 0.6 1 
101 -5.37345 1.66582 0.7 5 
102 -5.44993 1.6014 0.7 1 
103 -5.52642 1.53698 0.7 1 
104 -5.6029 1.47256 0.7 1 
105 -5.67939 1.40813 0.7 1 
106 -5.75587 1.34371 0.7 1 
107 -5.75587 1.34371 0.8 5 
108 -5.82554 1.27198 0.8 1 
109 -5.89521 1.20024 0.8 1 
110 -5.96695 1.26991 0.8 4 
111 -6.03868 1.33958 0.8 4 
112 -6.11042 1.40925 0.8 4 
113 -6.03868 1.33958 0.8 3 
114 -6.11042 1.40925 0.8 4 
115 -6.18215 1.47892 0.8 4 
116 -6.25389 1.54859 0.8 4 
117 -6.32356 1.47686 0.8 1 
118 -6.32356 1.47686 0.9 5 
119 -6.32356 1.47686 1 5 
120 -6.37759 1.39271 1 1 
121 -6.43162 1.30856 1 1 
122 -6.43162 1.30856 1.1 5 
123 -6.47698 1.21944 1.1 1 
124 -6.47698 1.21944 1.2 5 
125 -6.51322 1.12624 1.2 1 
126 -6.51322 1.12624 1.3 5 
127 -6.53997 1.02988 1.3 1 
128 -6.53997 1.02988 1.4 5 
129 -6.55696 0.931339 1.4 1 
130 -6.57396 0.832794 1.4 1 
131 -6.59096 0.734249 1.4 1 
132 -6.60795 0.635704 1.4 1 
133 -6.62495 0.537159 1.4 1 
134 -6.64195 0.438614 1.4 1 
135 -6.65894 0.340069 1.4 1 
136 -6.65894 0.340069 1.3 6 
137 -6.68569 0.243713 1.3 1 
138 -6.71244 0.147357 1.3 1 
139 -6.71244 0.147357 1.2 6 
140 -6.74868 0.0541534 1.2 1 
141 -6.74868 0.0541534 1.1 6 
142 -6.79404 -0.0349673 1.1 1 
143 -6.8394 -0.124088 1.1 1 
144 -6.88476 -0.213209 1.1 1 
145 -6.88476 -0.213209 1 6 
146 -6.93879 -0.297356 1 1 
147 -6.99282 -0.381503 1 1 
148 -7.04685 -0.46565 1 1 
149 -7.04685 -0.46565 0.9 6 
150 -7.10901 -0.543983 0.9 1 
151 -7.10901 -0.543983 1 5 
152 -7.10901 -0.543983 1.1 5 
153 -7.15437 -0.633103 1.1 1 
154 -7.19973 -0.722224 1.1 1 
155 -7.19973 -0.722224 1.2 5 
156 -7.23596 -0.815428 1.2 1 
157 -7.23596 -0.815428 1.3 5 
158 -7.26271 -0.911784 1.3 1 
159 -7.26271 -0.911784 1.4 5 
160 -7.27971 -1.01033 1.4 1 
161 -7.27971 -1.01033 1.5 5 
162 -7.28679 -1.11008 1.5 1 
163 -7.28679 -1.11008 1.6 5 
164 -7.28387 -1.21004 1.6 1 
165 -7.28387 -1.21004 1.7 5 
166 -7.27098 -1.3092 1.7 1 
167 -7.2581 -1.40837 1.7 1 
168 -7.2581 -1.40837 1.8 5 
169 -7.23538 -1.50575 1.8 1 
170 -7.23538 -1.50575 1.9 5 
171 -7.20305 -1.60038 1.9 1 
172 -7.20305 -1.60038 2 5 
173 -7.16143 -1.69131 2 1 
174 -7.11982 -1.78224 2 1 
175 -7.0782 -1.87317 2 1 
176 -7.03659 -1.9641 2 1 
177 -6.99497 -2.05503 2 1 
178 -6.95336 -2.14596 2 1 
179 -6.95336 -2.14596 2.1 5 
180 -6.95336 -2.14596 2.2 5 
181 -6.89451 -2.22681 2.2 1 
182 -6.83566 -2.30766 2.2 1 
183 -6.77681 -2.38851 2.2 1 
184 -6.77681 -2.38851 2.3 5 
185 -6.71018 -2.46308 2.3 1 
186 -6.71018 -2.46308 2.4 5 
187 -6.63644 -2.53063 2.4 1 
188 -6.5627 -2.59817 2.4 1 
189 -6.48896 -2.66572 2.4 1 
190 -6.41522 -2.73327 2.4 1 
191 -6.34148 -2.80081 2.4 1 
192 -6.34148 -2.80081 2.5 5 
193 -6.26137 -2.86066 2.5 1 
194 -6.26137 -2.86066 2.6 5 
195 -6.17568 -2.91221 2.6 1 
196 -6.12413 -2.82652 2.6 3 
197 -6.07258 -2.74083 2.6 3 
198 -6.12413 -2.82652 2.6 4 
199 -6.17568 -2.91221 2.6 4 
200 -6.22723 -2.9979 2.6 4 
201 -6.27878 -3.08359 2.6 4 
202 -6.33033 -3.16928 2.6 4 
203 -6.38188 -3.25497 2.6 4 
204 -6.29619 -3.30652 2.6 1 
205 -6.2105 -3.35807 2.6 1 
206 -6.12481 -3.40962 2.6 1 
207 -6.12481 -3.40962 2.5 6 
208 -6.12481 -3.40962 2.6 5 
209 -6.03913 -3.46117 2.6 1 
210 -5.95344 -3.51272 2.6 1 
211 -5.95344 -3.51272 2.7 5 
212 -5.86303 -3.55545 2.7 1 
213 -5.86303 -3.55545 2.8 5 
214 -5.76881 -3.58895 2.8 1 
215 -5.76881 -3.58895 2.9 5 
216 -5.67171 -3.61288 2.9 1 
217 -5.67171 -3.61288 3 5 
218 -5.57271 -3.62699 3 1 
219 -5.47371 -3.6411 3 1 
220 -5.37471 -3.65521 3 1 
221 -5.27571 -3.66933 3 1 
222 -5.27571 -3.66933 3.1 5 
223 -5.1758 -3.67348 3.1 1 
224 -5.1758 -3.67348 3 6 
225 -5.1758 -3.67348 3.1 5 
226 -5.07589 -3.67764 3.1 1 
227 -5.07589 -3.67764 3.2 5 
228 -4.97606 -3.67181 3.2 1 
229 -4.97606 -3.67181 3.3 5 
230 -4.87731 -3.65603 3.3 1 
231 -4.87731 -3.65603 3.4 5 
232 -4.78063 -3.63048 3.4 1 
233 -4.68395 -3.60492 3.4 1 
234 -4.58727 -3.57937 3.4 1 
235 -4.49059 -3.55381 3.4 1 
236 -4.39391 -3.52826 3.4 1 
237 -4.39391 -3.52826 3.3 6 
238 -4.39391 -3.52826 3.2 6 
239 -4.29408 -3.52242 3.2 1 
240 -4.19425 -3.51659 3.2 1 
241 -4.19425 -3.51659 3.1 6 
242 -4.09434 -3.52074 3.1 1 
243 -3.99443 -3.5249 3.1 1 
244 -3.89451 -3.52906 3.1 1 
245 -3.7946 -3.53322 3.1 1 
246 -3.7946 -3.53322 3 6 
247 -3.7946 -3.53322 2.9 6 
248 -3.6975 -3.55714 2.9 1 
249 -3.60041 -3.58107 2.9 1 
250 -3.60041 -3.58107 2.8 6 
251 -3.60041 -3.58107 2.7 6 
252 -3.51 -3.62381 2.7 1 
253 -3.41959 -3.66654 2.7 1 
254 -3.32919 -3.70928 2.7 1 
255 -3.23878 -3.75202 2.7 1 
256 -3.23878 -3.75202 2.8 5 
257 -3.23878 -3.75202 2.9 5 
258 -3.14168 -3.77594 2.9 1 
259 -3.04459 -3.79987 2.9 1 
260 -2.94749 -3.82379 2.9 1 
261 -2.94749 -3.82379 3 5 
262 -2.94749 -3.82379 3.1 5 
263 -2.84758 -3.82795 3.1 1 
264 -2.74766 -3.83211 3.1 1 
265 -2.74766 -3.83211 3.2 5 
266 -2.74766 -3.83211 3.3 5 
267 -2.74766 -3.83211 3.4 5 
268 -2.65098 -3.80656 3.4 1 
269 -2.5543 -3.781 3.4 1 
270 -2.45762 -3.75545 3.4 1 
271 -2.36094 -3.72989 3.4 1 
272 -2.26426 -3.70434 3.4 1 
273 -2.26426 -3.70434 3.5 5 
274 -2.26426 -3.70434 3.6 5 
275 -2.17459 -3.66009 3.6 1 
276 -2.08491 -3.61584 3.6 1 
277 -1.99524 -3.57158 3.6 1 
278 -1.90556 -3.52733 3.6 1 
279 -1.90556 -3.52733 3.5 6 
280 -1.81192 -3.49225 3.5 1 
281 -1.71827 -3.45717 3.5 1 
282 -1.71827 -3.45717 3.4 6 
283 -1.71827 -3.45717 3.3 6 
284 -1.61952 -3.4414 3.3 1 
285 -1.52077 -3.42563 3.3 1 
286 -1.52077 -3.42563 3.2 6 
287 -1.42094 -3.41979 3.2 1 
288 -1.42094 -3.41979 3.1 6 
289 -1.32103 -3.42395 3.1 1 
290 -1.22112 -3.4281 3.1 1 
291 -1.22112 -3.4281 3 6 
292 -1.12212 -3.44222 3 1 
293 -1.02312 -3.45633 3 1 
294 -1.02312 -3.45633 2.9 6 
295 -1.02312 -3.45633 2.8 6 
296 -1.02312 -3.45633 2.9 5 
297 -0.926023 -3.48025 2.9 1 
298 -0.828927 -3.50418 2.9 1 
299 -0.731831 -3.5281 2.9 1 
300 -0.634735 -3.55203 2.9 1 
301 -0.53764 -3.57595 2.9 1 
302 -0.440544 -3.59988 2.9 1 
303 -0.343448 -3.6238 2.9 1 
304 -0.246352 -3.64773 2.9 1 
305 -0.246352 -3.64773 2.8 6 
306 -0.246352 -3.64773 2.9 5 
307 -0.246352 -3.64773 3 5 
308 -0.147353 -3.66184 3 1 
309 -0.0483537 -3.67595 3 1 
310 0.0506456 -3.69006 3 1 
311 0.149645 -3.70418 3 1 
312 0.149645 -3.70418 3.1 5 
313 0.249558 -3.70833 3.1 1 
314 0.349472 -3.71249 3.1 1 
315 0.449385 -3.71665 3.1 1 
316 0.449385 -3.71665 3.2 5 
317 0.449385 -3.71665 3.3 5 
318 0.449385 -3.71665 3.4 5 
319 0.449385 -3.71665 3.5 5 
320 0.449385 -3.71665 3.6 5 
321 0.449385 -3.71665 3.7 5 
322 0.449385 -3.71665 3.8 5 
323 0.449385 -3.71665 3.9 5 
324 0.449385 -3.71665 4 5 
325 0.51475 -3.64097 4 1 
326 0.580114 -3.56529 4 1 
327 0.580114 -3.56529 4.1 5 
328 0.637596 -3.48346 4.1 1 
329 0.695079 -3.40163 4.1 1 
330 0.695079 -3.40163 4.2 5 
331 0.744105 -3.31448 4.2 1 
332 0.744105 -3.31448 4.3 5 
333 0.784185 -3.22286 4.3 1 
334 0.784185 -3.22286 4.4 5 
335 0.814918 -3.1277 4.4 1 
336 0.814918 -3.1277 4.5 5 
337 0.835998 -3.02995 4.5 1 
338 0.835998 -3.02995 4.6 5 
339 0.847213 -2.93058 4.6 1 
340 0.858428 -2.83121 4.6 1 
341 0.869644 -2.73184 4.6 1 
342 0.880859 -2.63247 4.6 1 
343 0.892074 -2.5331 4.6 1 
344 0.903289 -2.43373 4.6 1 
345 0.914505 -2.33436 4.6 1 
346 0.92572 -2.23499 4.6 1 
347 0.92572 -2.23499 4.5 6 
348 0.92572 -2.23499 4.4 6 
349 0.956453 -2.13983 4.4 1 
350 0.956453 -2.13983 4.3 6 
351 0.996533 -2.04822 4.3 1 
352 1.03661 -1.9566 4.3 1 
353 1.07669 -1.86498 4.3 1 
354 1.11677 -1.77337 4.3 1 
355 1.15685 -1.68175 4.3 1 
356 1.15685 -1.68175 4.4 5 
357 1.15685 -1.68175 4.5 5 
358 1.17793 -1.584 4.5 1 
359 1.19901 -1.48624 4.5 1 
360 1.19901 -1.48624 4.6 5 
361 1.21023 -1.38688 4.6 1 
362 1.21023 -1.38688 4.7 5 
363 1.21147 -1.28688 4.7 1 
364 1.21147 -1.28688 4.8 5 
365 1.20272 -1.18727 4.8 1 
366 1.20272 -1.18727 4.9 5 
367 1.18406 -1.08902 4.9 1 
368 1.18406 -1.08902 5 5 
369 1.1557 -0.993129 5 1 
370 1.1557 -0.993129 4.9 6 
371 1.13705 -0.894884 4.9 1 
372 1.13705 -0.894884 4.8 6 
373 1.1283 -0.795267 4.8 1 
374 1.1283 -0.795267 4.7 6 
375 1.12954 -0.695275 4.7 1 
376 1.12954 -0.695275 4.6 6 
377 1.14075 -0.595906 4.6 1 
378 1.14075 -0.595906 4.5 6 
379 1.16183 -0.498153 4.5 1 
380 1.18291 -0.4004 4.5 1 
381 1.20399 -0.302647 4.5 1 
382 1.22507 -0.204894 4.5 1 
383 1.22507 -0.204894 4.4 6 
384 1.2558 -0.109734 4.4 1 
385 1.2558 -0.109734 4.3 6 
386 1.29588 -0.0181171 4.3 1 
387 1.29588 -0.0181171 4.2 6 
388 1.34491 0.0690405 4.2 1 
389 1.34491 0.0690405 4.3 5 
390 1.38499 0.160657 4.3 1 
391 1.38499 0.160657 4.4 5 
392 1.41572 0.255817 4.4 1 
393 1.44646 0.350977 4.4 1 
394 1.44646 0.350977 4.5 5 
395 1.46754 0.44873 4.5 1 
396 1.46754 0.44873 4.6 5 
397 1.47875 0.5481 4.6 1 
398 1.48997 0.647469 4.6 1 
399 1.50118 0.746838 4.6 1 
400 1.50118 0.746838 4.7 5 
401 1.50242 0.84683 4.7 1 
402 1.50242 0.84683 4.8 5 
403 1.49367 0.946447 4.8 1 
404 1.49367 0.946447 4.9 5 
405 1.47502 1.04469 4.9 1 
406 1.47502 1.04469 5 5 
407 1.44665 1.14058 5 1 
408 1.41829 1.23648 5 1 
409 1.41829 1.23648 5.1 5 
410 1.38049 1.32906 5.1 1 
411 1.38049 1.32906 5.2 5 
412 1.33364 1.4174 5.2 1 
413 1.28679 1.50575 5.2 1 
414 1.28679 1.50575 5.3 5 
415 1.23135 1.58898 5.3 1 
416 1.23135 1.58898 5.4 5 
417 1.16788 1.66625 5.4 1 
418 1.16788 1.66625 5.5 5 
419 1.09701 1.73681 5.5 1 
420 1.09701 1.73681 5.6 5 
421 1.01945 1.79993 5.6 1 
422 1.01945 1.79993 5.7 5 
423 0.935984 1.855 5.7 1 
424 0.935984 1.855 5.8 5 
425 0.847432 1.90146 5.8 1 
426 0.847432 1.90146 5.9 5 
427 0.754684 1.93885 5.9 1 
428 0.754684 1.93885 6 5 
429 0.658667 1.96679 6 1 
430 0.658667 1.96679 6.1 5 
431 0.56034 1.98501 6.1 1 
432 0.56034 1.98501 6.2 5 
433 0.460686 1.99332 6.2 1 
434 0.460686 1.99332 6.3 5 
435 0.3607 1.99163 6.3 1 
436 0.3607 1.99163 6.4 5 
437 0.261381 1.97998 6.4 1 
438 0.261381 1.97998 6.5 5 
439 0.163723 1.95847 6.5 1 
440 0.163723 1.95847 6.6 5 
441 0.0686994 1.92731 6.6 1 
442 -0.0263239 1.89616 6.6 1 
443 -0.121347 1.86501 6.6 1 
444 -0.21637 1.83385 6.6 1 
445 -0.21637 1.83385 6.5 6 
446 -0.314029 1.81234 6.5 1 
447 -0.314029 1.81234 6.4 6 
448 -0.413348 1.80068 6.4 1 
449 -0.512666 1.78903 6.4 1 
450 -0.512666 1.78903 6.3 6 
451 -0.612652 1.78735 6.3 1 
452 -0.612652 1.78735 6.2 6 
453 -0.712306 1.79566 6.2 1 
454 -0.712306 1.79566 6.1 6 
455 -0.810633 1.81387 6.1 1 
456 -0.810633 1.81387 6 6 
457 -0.90665 1.84181 6 1 
458 -0.90665 1.84181 5.9 6 
459 -0.999398 1.8792 5.9 1 
460 -0.999398 1.8792 5.8 6 
461 -1.08795 1.92566 5.8 1 
462 -1.08795 1.92566 5.7 6 
463 -1.17142 1.98073 5.7 1 
464 -1.25489 2.0358 5.7 1 
465 -1.33836 2.09087 5.7 1 
466 -1.42184 2.14594 5.7 1 
467 -1.50531 2.20101 5.7 1 
468 -1.50531 2.20101 5.8 5 
469 -1.50531 2.20101 5.9 5 
470 -1.50531 2.20101 6 5 
471 -1.60132 2.22895 6 1 
472 -1.69734 2.25689 6 1 
473 -1.79336 2.28483 6 1 
474 -1.79336 2.28483 6.1 5 
475 -1.89168 2.30305 6.1 1 
476 -1.99001 2.32126 6.1 1 
477 -2.08834 2.33948 6.1 1 
478 -2.08834 2.33948 6.2 5 
479 -2.08834 2.33948 6.3 5 
480 -2.08834 2.33948 6.4 5 
481 -2.18766 2.32782 6.4 1 
482 -2.28697 2.31617 6.4 1 
483 -2.38629 2.30451 6.4 1 
484 -2.48561 2.29286 6.4 1 
485 -2.58493 2.2812 6.4 1 
486 -2.58493 2.2812 6.5 5 
487 -2.58493 2.2812 6.6 5 
488 -2.67995 2.25005 6.6 1 
489 -2.77498 2.2189 6.6 1 
490 -2.87 2.18774 6.6 1 
491 -2.87 2.18774 6.7 5 
492 -2.87 2.18774 6.8 5 
493 -2.87 2.18774 6.9 5 
494 -2.95157 2.1299 6.9 1 
495 -3.03315 2.07205 6.9 1 
496 -3.11472 2.01421 6.9 1 
497 -3.19629 1.95637 6.9 1 
498 -3.27786 1.89852 6.9 1 
499 -3.35944 1.84068 6.9 1 
500 -3.35944 1.84068 6.8 6 
501 -3.35944 1.84068 6.7 6 
502 -3.45087 1.80019 6.7 1 
503 -3.54231 1.75971 6.7 1 
504 -3.63375 1.71922 6.7 1 
505 -3.72519 1.67874 6.7 1 
506 -3.72519 1.67874 6.6 6 
507 -3.72519 1.67874 6.5 6 
508 -3.82285 1.65723 6.5 1 
509 -3.92051 1.63571 6.5 1 
510 -4.01816 1.6142 6.5 1 
511 -4.11582 1.59269 6.5 1 
512 -4.21348 1.57118 6.5 1 
513 -4.31114 1.54967 6.5 1 
514 -4.31114 1.54967 6.4 6 
515 -4.31114 1.54967 6.3 6 
516 -4.31114 1.54967 6.2 6 
517 -4.4108 1.55798 6.2 1 
518 -4.51045 1.56628 6.2 1 
519 -4.6101 1.57459 6.2 1 
520 -4.70976 1.5829 6.2 1 
