1 -0.1 3.58979e-10 0 1 
2 -0.1 0.1 0 4 
3 1.7949e-10 0.1 0 2 
4 1.7949e-10 0.1 -0.1 6 
5 1.7949e-10 0.1 -0.2 6 
6 1.7949e-10 0.1 -0.3 6 
7 1.7949e-10 0.1 -0.4 6 
8 1.7949e-10 0.1 -0.5 6 
9 1.7949e-10 0.1 -0.6 6 
10 1.7949e-10 0.1 -0.7 6 
11 1.7949e-10 0.1 -0.8 6 
12 1.7949e-10 0.1 -0.9 6 
13 1.7949e-10 0.1 -1 6 
14 1.7949e-10 0.1 -1.1 6 
15 1.7949e-10 0.1 -1.2 6 
16 1.7949e-10 0.1 -1.3 6 
17 1.7949e-10 0.1 -1.4 6 
18 1.7949e-10 0.1 -1.5 6 
19 1.7949e-10 0.1 -1.6 6 
20 1.7949e-10 0.1 -1.7 6 
21 1.7949e-10 0.1 -1.8 6 
22 1.7949e-10 0.1 -1.9 6 
23 1.7949e-10 0.1 -2 6 
24 1.7949e-10 0.1 -2.1 6 
25 1.7949e-10 0.1 -2.2 6 
26 1.7949e-10 0.1 -2.3 6 
27 1.7949e-10 0.1 -2.4 6 
28 1.7949e-10 0.1 -2.5 6 
29 1.7949e-10 0.1 -2.6 6 
30 1.7949e-10 0.1 -2.7 6 
31 1.7949e-10 0.1 -2.8 6 
32 1.7949e-10 0.1 -2.9 6 
33 1.7949e-10 0.1 -3 6 
34 1.7949e-10 0.1 -3.1 6 
35 1.7949e-10 0.1 -3.2 6 
36 1.7949e-10 0.1 -3.3 6 
37 0.098748 0.0842254 -3.3 1 
38 0.197496 0.0684509 -3.3 1 
39 0.296244 0.0526763 -3.3 1 
40 0.394992 0.0369017 -3.3 1 
41 0.49374 0.0211272 -3.3 1 
42 0.592488 0.00535258 -3.3 1 
43 0.691236 -0.010422 -3.3 1 
44 0.789984 -0.0261966 -3.3 1 
45 0.888732 -0.0419711 -3.3 1 
46 0.98748 -0.0577457 -3.3 1 
47 1.08623 -0.0735203 -3.3 1 
48 1.18498 -0.0892948 -3.3 1 
49 1.28372 -0.105069 -3.3 1 
50 1.38247 -0.120844 -3.3 1 
51 1.48122 -0.136619 -3.3 1 
52 1.57997 -0.152393 -3.3 1 
53 1.67872 -0.168168 -3.3 1 
54 1.77746 -0.183942 -3.3 1 
55 1.87621 -0.199717 -3.3 1 
56 1.97496 -0.215491 -3.3 1 
57 2.07371 -0.231266 -3.3 1 
58 2.17246 -0.247041 -3.3 1 
59 2.2712 -0.262815 -3.3 1 
60 2.36995 -0.27859 -3.3 1 
61 2.4687 -0.294364 -3.3 1 
62 2.56745 -0.310139 -3.3 1 
63 2.6662 -0.325913 -3.3 1 
64 2.76494 -0.341688 -3.3 1 
65 2.86369 -0.357463 -3.3 1 
66 2.86369 -0.357463 -3.4 6 
67 2.86369 -0.357463 -3.5 6 
68 2.86369 -0.357463 -3.6 6 
69 2.86369 -0.357463 -3.7 6 
70 2.86369 -0.357463 -3.8 6 
71 2.86369 -0.357463 -3.9 6 
72 2.86369 -0.357463 -4 6 
73 2.86369 -0.357463 -4.1 6 
74 2.86369 -0.357463 -4.2 6 
75 2.86369 -0.357463 -4.3 6 
76 2.86369 -0.357463 -4.4 6 
77 2.86369 -0.357463 -4.5 6 
78 2.86369 -0.357463 -4.6 6 
79 2.86369 -0.357463 -4.7 6 
80 2.86369 -0.357463 -4.8 6 
81 2.86369 -0.357463 -4.9 6 
82 2.86369 -0.357463 -5 6 
83 2.86369 -0.357463 -5.1 6 
84 2.86369 -0.357463 -5.2 6 
85 2.86369 -0.357463 -5.3 6 
86 2.86369 -0.357463 -5.4 6 
87 2.86369 -0.357463 -5.5 6 
88 2.86369 -0.357463 -5.6 6 
89 2.86369 -0.357463 -5.7 6 
90 2.86369 -0.357463 -5.8 6 
91 2.86369 -0.357463 -5.9 6 
92 2.86369 -0.357463 -6 6 
93 2.86369 -0.357463 -6.1 6 
94 2.86369 -0.357463 -6.2 6 
95 2.86369 -0.357463 -6.3 6 
96 2.86369 -0.357463 -6.4 6 
97 2.86369 -0.357463 -6.5 6 
98 2.86369 -0.357463 -6.6 6 
99 2.86369 -0.357463 -6.7 6 
100 2.86369 -0.357463 -6.8 6 
101 2.86369 -0.357463 -6.9 6 
102 2.86369 -0.357463 -7 6 
103 2.86369 -0.357463 -7.1 6 
104 2.86369 -0.357463 -7.2 6 
105 2.86369 -0.357463 -7.3 6 
106 2.86369 -0.357463 -7.4 6 
107 2.86369 -0.357463 -7.5 6 
108 2.86369 -0.357463 -7.6 6 
109 2.86369 -0.357463 -7.7 6 
110 2.86369 -0.357463 -7.8 6 
111 2.86369 -0.357463 -7.9 6 
112 2.86369 -0.357463 -8 6 
113 2.86369 -0.357463 -8.1 6 
114 2.86369 -0.357463 -8.2 6 
115 2.86369 -0.357463 -8.3 6 
116 2.86369 -0.357463 -8.4 6 
117 2.86369 -0.357463 -8.5 6 
118 2.86369 -0.357463 -8.6 6 
119 2.86369 -0.357463 -8.7 6 
120 2.86369 -0.357463 -8.8 6 
121 2.86369 -0.357463 -8.9 6 
122 2.86369 -0.357463 -9 6 
123 2.86369 -0.357463 -9.1 6 
124 2.86369 -0.357463 -9.2 6 
125 2.86369 -0.357463 -9.3 6 
126 2.86369 -0.357463 -9.4 6 
127 2.86121 -0.257493 -9.4 3 
128 2.86369 -0.357463 -9.4 4 
129 2.86617 -0.457432 -9.4 4 
130 2.86865 -0.557401 -9.4 4 
131 2.87112 -0.65737 -9.4 4 
132 2.8736 -0.75734 -9.4 4 
133 2.87608 -0.857309 -9.4 4 
134 2.87856 -0.957278 -9.4 4 
135 2.77859 -0.959756 -9.4 2 
136 2.67862 -0.962233 -9.4 2 
137 2.57865 -0.964711 -9.4 2 
138 2.47868 -0.967189 -9.4 2 
139 2.37871 -0.969666 -9.4 2 
140 2.27874 -0.972144 -9.4 2 
141 2.17877 -0.974621 -9.4 2 
142 2.0788 -0.977099 -9.4 2 
143 1.97883 -0.979576 -9.4 2 
144 1.87886 -0.982054 -9.4 2 
145 1.77889 -0.984531 -9.4 2 
146 1.67892 -0.987009 -9.4 2 
147 1.57896 -0.989486 -9.4 2 
148 1.47899 -0.991964 -9.4 2 
149 1.47899 -0.991964 -9.5 6 
150 1.47899 -0.991964 -9.6 6 
151 1.57746 -1.0094 -9.6 1 
152 1.67592 -1.02683 -9.6 1 
153 1.77439 -1.04426 -9.6 1 
154 1.87286 -1.06169 -9.6 1 
155 1.97133 -1.07913 -9.6 1 
156 2.0698 -1.09656 -9.6 1 
157 2.16827 -1.11399 -9.6 1 
158 2.26674 -1.13143 -9.6 1 
159 2.36521 -1.14886 -9.6 1 
160 2.46367 -1.16629 -9.6 1 
161 2.56214 -1.18372 -9.6 1 
162 2.66061 -1.20116 -9.6 1 
163 2.75908 -1.21859 -9.6 1 
164 2.85755 -1.23602 -9.6 1 
165 2.95602 -1.25345 -9.6 1 
166 3.05449 -1.27089 -9.6 1 
167 3.15296 -1.28832 -9.6 1 
168 3.25142 -1.30575 -9.6 1 
169 3.34989 -1.32318 -9.6 1 
170 3.34989 -1.32318 -9.5 5 
171 3.34989 -1.32318 -9.4 5 
172 3.34989 -1.32318 -9.3 5 
173 3.34989 -1.32318 -9.2 5 
174 3.34989 -1.32318 -9.1 5 
175 3.34989 -1.32318 -9 5 
176 3.34989 -1.32318 -8.9 5 
177 3.34989 -1.32318 -8.8 5 
178 3.431 -1.26469 -8.8 1 
179 3.51211 -1.2062 -8.8 1 
180 3.59322 -1.14771 -8.8 1 
181 3.67433 -1.08922 -8.8 1 
182 3.75544 -1.03073 -8.8 1 
183 3.83655 -0.972235 -8.8 1 
184 3.91766 -0.913743 -8.8 1 
185 3.99877 -0.855251 -8.8 1 
186 3.99877 -0.855251 -8.9 6 
187 3.99877 -0.855251 -9 6 
188 3.99877 -0.855251 -9.1 6 
189 3.99877 -0.855251 -9.2 6 
190 3.99877 -0.855251 -9.3 6 
191 3.99877 -0.855251 -9.4 6 
192 3.99877 -0.855251 -9.5 6 
193 3.99877 -0.855251 -9.6 6 
194 4.09724 -0.872684 -9.6 1 
195 4.19571 -0.890116 -9.6 1 
196 4.29417 -0.907549 -9.6 1 
197 4.39264 -0.924982 -9.6 1 
198 4.49111 -0.942414 -9.6 1 
199 4.58958 -0.959847 -9.6 1 
200 4.68805 -0.97728 -9.6 1 
201 4.68805 -0.97728 -9.7 6 
202 4.68805 -0.97728 -9.8 6 
203 4.68805 -0.97728 -9.9 6 
204 4.68805 -0.97728 -10 6 
205 4.68805 -0.97728 -10.1 6 
206 4.68805 -0.97728 -10.2 6 
207 4.68805 -0.97728 -10.3 6 
208 4.68805 -0.97728 -10.4 6 
209 4.68805 -0.97728 -10.5 6 
210 4.68805 -0.97728 -10.6 6 
211 4.72658 -1.06956 -10.6 1 
212 4.76512 -1.16183 -10.6 1 
213 4.80365 -1.25411 -10.6 1 
214 4.84218 -1.34639 -10.6 1 
215 4.88072 -1.43867 -10.6 1 
216 4.91925 -1.53095 -10.6 1 
217 4.95779 -1.62322 -10.6 1 
218 4.99632 -1.7155 -10.6 1 
219 5.03485 -1.80778 -10.6 1 
220 5.07339 -1.90006 -10.6 1 
221 5.11192 -1.99233 -10.6 1 
222 5.11192 -1.99233 -10.7 6 
223 5.11192 -1.99233 -10.8 6 
224 5.11192 -1.99233 -10.9 6 
225 5.11192 -1.99233 -11 6 
226 5.11192 -1.99233 -11.1 6 
227 5.1015 -2.09179 -11.1 1 
228 5.09107 -2.19124 -11.1 1 
229 5.08065 -2.2907 -11.1 1 
230 5.07023 -2.39015 -11.1 1 
231 5.0598 -2.48961 -11.1 1 
232 5.04938 -2.58906 -11.1 1 
233 5.03896 -2.68852 -11.1 1 
234 5.02853 -2.78797 -11.1 1 
235 5.01811 -2.88743 -11.1 1 
236 5.00769 -2.98689 -11.1 1 
237 4.99726 -3.08634 -11.1 1 
238 4.98684 -3.1858 -11.1 1 
239 4.97641 -3.28525 -11.1 1 
240 4.96599 -3.38471 -11.1 1 
241 4.95557 -3.48416 -11.1 1 
242 4.94514 -3.58362 -11.1 1 
243 4.93472 -3.68307 -11.1 1 
244 4.9243 -3.78253 -11.1 1 
245 4.91387 -3.88198 -11.1 1 
246 4.90345 -3.98144 -11.1 1 
247 4.89303 -4.08089 -11.1 1 
248 4.8826 -4.18035 -11.1 1 
249 4.8826 -4.18035 -11.2 6 
250 4.8826 -4.18035 -11.3 6 
251 4.8826 -4.18035 -11.4 6 
252 4.8826 -4.18035 -11.5 6 
253 4.8826 -4.18035 -11.6 6 
254 4.8826 -4.18035 -11.7 6 
255 4.8826 -4.18035 -11.8 6 
256 4.8826 -4.18035 -11.9 6 
257 4.80399 -4.24216 -11.9 1 
258 4.72539 -4.30398 -11.9 1 
259 4.64678 -4.36579 -11.9 1 
260 4.56817 -4.4276 -11.9 1 
261 4.48957 -4.48942 -11.9 1 
262 4.41096 -4.55123 -11.9 1 
263 4.33235 -4.61304 -11.9 1 
264 4.25375 -4.67486 -11.9 1 
265 4.17514 -4.73667 -11.9 1 
266 4.09653 -4.79849 -11.9 1 
267 4.09653 -4.79849 -12 6 
268 4.09653 -4.79849 -12.1 6 
269 4.09653 -4.79849 -12.2 6 
270 4.09653 -4.79849 -12.3 6 
271 4.09653 -4.79849 -12.4 6 
272 4.09653 -4.79849 -12.5 6 
273 4.09653 -4.79849 -12.6 6 
274 4.09653 -4.79849 -12.7 6 
275 4.09653 -4.79849 -12.8 6 
276 4.09653 -4.79849 -12.9 6 
277 4.09653 -4.79849 -13 6 
278 4.09653 -4.79849 -13.1 6 
279 4.09653 -4.79849 -13.2 6 
280 4.09653 -4.79849 -13.3 6 
281 4.09653 -4.79849 -13.4 6 
282 4.09653 -4.79849 -13.5 6 
283 4.09653 -4.79849 -13.6 6 
284 4.09653 -4.79849 -13.7 6 
285 4.00594 -4.84082 -13.7 3 
286 3.91534 -4.88316 -13.7 3 
287 3.82475 -4.9255 -13.7 3 
288 3.73415 -4.96784 -13.7 3 
289 3.64355 -5.01017 -13.7 3 
290 3.55296 -5.05251 -13.7 3 
291 3.46236 -5.09485 -13.7 3 
292 3.37177 -5.13719 -13.7 3 
293 3.28117 -5.17952 -13.7 3 
294 3.19058 -5.22186 -13.7 3 
295 3.09998 -5.2642 -13.7 3 
296 3.00939 -5.30654 -13.7 3 
297 2.91879 -5.34887 -13.7 3 
298 2.82819 -5.39121 -13.7 3 
299 2.7376 -5.43355 -13.7 3 
300 2.647 -5.47588 -13.7 3 
301 2.55641 -5.51822 -13.7 3 
302 2.51407 -5.42763 -13.7 1 
303 2.47173 -5.33703 -13.7 1 
304 2.4294 -5.24644 -13.7 1 
305 2.38706 -5.15584 -13.7 1 
306 2.34472 -5.06525 -13.7 1 
307 2.38706 -5.15584 -13.7 2 
308 2.29646 -5.19818 -13.7 3 
309 2.20587 -5.24052 -13.7 3 
310 2.11527 -5.28285 -13.7 3 
311 2.02468 -5.32519 -13.7 3 
312 1.93408 -5.36753 -13.7 3 
313 1.84349 -5.40987 -13.7 3 
314 1.75289 -5.4522 -13.7 3 
315 1.66229 -5.49454 -13.7 3 
316 1.5717 -5.53688 -13.7 3 
317 1.4811 -5.57922 -13.7 3 
318 1.4811 -5.57922 -13.8 6 
319 1.4811 -5.57922 -13.9 6 
320 1.4811 -5.57922 -14 6 
321 1.4811 -5.57922 -14.1 6 
322 1.4811 -5.57922 -14.2 6 
323 1.4811 -5.57922 -14.3 6 
324 1.4811 -5.57922 -14.4 6 
325 1.4811 -5.57922 -14.5 6 
326 1.4811 -5.57922 -14.6 6 
327 1.4811 -5.57922 -14.7 6 
328 1.4811 -5.57922 -14.8 6 
329 1.4811 -5.57922 -14.9 6 
330 1.5502 -5.50693 -14.9 1 
331 1.6193 -5.43464 -14.9 1 
332 1.6884 -5.36235 -14.9 1 
333 1.75749 -5.29006 -14.9 1 
334 1.82659 -5.21777 -14.9 1 
335 1.89569 -5.14549 -14.9 1 
336 1.96478 -5.0732 -14.9 1 
337 2.03388 -5.00091 -14.9 1 
338 2.10298 -4.92862 -14.9 1 
339 2.17527 -4.99772 -14.9 4 
340 2.24756 -5.06682 -14.9 4 
341 2.31984 -5.13591 -14.9 4 
342 2.39213 -5.20501 -14.9 4 
343 2.46442 -5.27411 -14.9 4 
344 2.53671 -5.3432 -14.9 4 
345 2.6058 -5.27092 -14.9 1 
346 2.6749 -5.19863 -14.9 1 
347 2.744 -5.12634 -14.9 1 
348 2.8131 -5.05405 -14.9 1 
349 2.88219 -4.98176 -14.9 1 
350 2.95129 -4.90948 -14.9 1 
351 3.02039 -4.83719 -14.9 1 
352 3.08949 -4.7649 -14.9 1 
353 3.15858 -4.69261 -14.9 1 
354 3.23087 -4.76171 -14.9 4 
355 3.30316 -4.83081 -14.9 4 
356 3.37545 -4.8999 -14.9 4 
357 3.44774 -4.969 -14.9 4 
358 3.52002 -5.0381 -14.9 4 
359 3.59231 -5.1072 -14.9 4 
360 3.6646 -5.17629 -14.9 4 
361 3.7337 -5.104 -14.9 1 
362 3.80279 -5.03172 -14.9 1 
363 3.87189 -4.95943 -14.9 1 
364 3.94099 -4.88714 -14.9 1 
365 4.01009 -4.81485 -14.9 1 
366 4.07918 -4.74256 -14.9 1 
367 4.14828 -4.67028 -14.9 1 
368 4.21738 -4.59799 -14.9 1 
369 4.28647 -4.5257 -14.9 1 
370 4.35557 -4.45341 -14.9 1 
371 4.42467 -4.38112 -14.9 1 
372 4.49377 -4.30883 -14.9 1 
373 4.56286 -4.23655 -14.9 1 
374 4.63196 -4.16426 -14.9 1 
375 4.70106 -4.09197 -14.9 1 
376 4.77015 -4.01968 -14.9 1 
377 4.83925 -3.94739 -14.9 1 
378 4.90835 -3.87511 -14.9 1 
379 4.97745 -3.80282 -14.9 1 
380 5.04654 -3.73053 -14.9 1 
381 5.11564 -3.65824 -14.9 1 
382 5.18474 -3.58595 -14.9 1 
383 5.11245 -3.51686 -14.9 3 
384 5.18155 -3.44457 -14.9 1 
385 5.25064 -3.37228 -14.9 1 
386 5.17836 -3.30318 -14.9 3 
387 5.10607 -3.23409 -14.9 3 
388 5.17517 -3.1618 -14.9 1 
389 5.24426 -3.08951 -14.9 1 
390 5.31336 -3.01722 -14.9 1 
391 5.38246 -2.94493 -14.9 1 
392 5.31017 -2.87584 -14.9 3 
393 5.23788 -2.80674 -14.9 3 
394 5.16559 -2.73764 -14.9 3 
395 5.0933 -2.66854 -14.9 3 
396 5.1624 -2.59626 -14.9 1 
397 5.2315 -2.52397 -14.9 1 
398 5.3006 -2.45168 -14.9 1 
399 5.36969 -2.37939 -14.9 1 
400 5.29741 -2.31029 -14.9 3 
401 5.22512 -2.2412 -14.9 3 
402 5.15283 -2.1721 -14.9 3 
403 5.08054 -2.103 -14.9 3 
404 5.14964 -2.03071 -14.9 1 
405 5.21874 -1.95843 -14.9 1 
406 5.28783 -1.88614 -14.9 1 
407 5.35693 -1.81385 -14.9 1 
408 5.42603 -1.74156 -14.9 1 
409 5.35374 -1.67246 -14.9 3 
410 5.28145 -1.60337 -14.9 3 
411 5.20916 -1.53427 -14.9 3 
412 5.13687 -1.46517 -14.9 3 
413 5.06459 -1.39608 -14.9 3 
414 4.9923 -1.32698 -14.9 3 
415 4.92001 -1.25788 -14.9 3 
416 4.84772 -1.18878 -14.9 3 
417 4.77543 -1.11969 -14.9 3 
418 4.70315 -1.05059 -14.9 3 
419 4.63086 -0.981493 -14.9 3 
420 4.55857 -0.912395 -14.9 3 
421 4.48628 -0.843298 -14.9 3 
422 4.41399 -0.774201 -14.9 3 
423 4.34171 -0.705104 -14.9 3 
424 4.26942 -0.636006 -14.9 3 
425 4.19713 -0.566909 -14.9 3 
426 4.12803 -0.639197 -14.9 2 
427 4.05893 -0.711486 -14.9 2 
428 3.98984 -0.783774 -14.9 2 
429 3.92074 -0.856062 -14.9 2 
430 3.85164 -0.92835 -14.9 2 
431 3.78255 -1.00064 -14.9 2 
432 3.71026 -0.931541 -14.9 3 
433 3.63797 -0.862444 -14.9 3 
434 3.56568 -0.793346 -14.9 3 
435 3.49339 -0.724249 -14.9 3 
436 3.4211 -0.655152 -14.9 3 
437 3.34882 -0.586055 -14.9 3 
438 3.27653 -0.516958 -14.9 3 
439 3.20424 -0.44786 -14.9 3 
440 3.13514 -0.520148 -14.9 2 
441 3.06605 -0.592437 -14.9 2 
442 2.99695 -0.664725 -14.9 2 
443 2.92785 -0.737013 -14.9 2 
444 2.85875 -0.809301 -14.9 2 
445 2.78966 -0.881589 -14.9 2 
446 2.72056 -0.953877 -14.9 2 
447 2.65146 -1.02617 -14.9 2 
448 2.57917 -0.957068 -14.9 3 
449 2.50689 -0.887971 -14.9 3 
450 2.4346 -0.818874 -14.9 3 
451 2.36231 -0.749777 -14.9 3 
452 2.29002 -0.680679 -14.9 3 
453 2.21773 -0.611582 -14.9 3 
454 2.14545 -0.542485 -14.9 3 
455 2.07316 -0.473388 -14.9 3 
456 2.00087 -0.40429 -14.9 3 
457 1.92858 -0.335193 -14.9 3 
458 1.85629 -0.266096 -14.9 3 
459 1.92539 -0.193808 -14.9 1 
460 1.99449 -0.12152 -14.9 1 
461 2.06359 -0.0492316 -14.9 1 
462 1.9913 0.0198656 -14.9 3 
463 1.9222 -0.0524225 -14.9 2 
464 1.8531 -0.124711 -14.9 2 
465 1.78401 -0.196999 -14.9 2 
466 1.71491 -0.269287 -14.9 2 
467 1.64262 -0.20019 -14.9 3 
468 1.57033 -0.131092 -14.9 3 
469 1.49804 -0.0619953 -14.9 3 
470 1.56714 0.0102929 -14.9 1 
471 1.49485 0.0793901 -14.9 3 
472 1.42256 0.148487 -14.9 3 
473 1.35347 0.0761992 -14.9 2 
474 1.28437 0.00391103 -14.9 2 
475 1.21527 -0.0683771 -14.9 2 
476 1.14298 0.000720115 -14.9 3 
477 1.07389 -0.071568 -14.9 2 
478 1.0016 -0.0024708 -14.9 3 
479 0.932502 -0.0747589 -14.9 2 
480 0.860214 -0.00566172 -14.9 3 
481 0.787926 0.0634355 -14.9 3 
482 0.718829 -0.00885263 -14.9 2 
483 0.646541 0.0602446 -14.9 3 
484 0.574252 0.129342 -14.9 3 
485 0.505155 0.0570537 -14.9 2 
486 0.436058 -0.0152345 -14.9 2 
487 0.366961 -0.0875226 -14.9 2 
488 0.297864 -0.159811 -14.9 2 
489 0.228766 -0.232099 -14.9 2 
490 0.159669 -0.304387 -14.9 2 
491 0.0905719 -0.376675 -14.9 2 
492 0.0214747 -0.448963 -14.9 2 
493 -0.0476225 -0.521251 -14.9 2 
494 -0.11672 -0.59354 -14.9 2 
495 -0.185817 -0.665828 -14.9 2 
496 -0.254914 -0.738116 -14.9 2 
497 -0.324011 -0.810404 -14.9 2 
498 -0.393109 -0.882692 -14.9 2 
499 -0.462206 -0.95498 -14.9 2 
500 -0.531303 -1.02727 -14.9 2 
501 -0.6004 -1.09956 -14.9 2 
502 -0.669497 -1.17184 -14.9 2 
503 -0.738595 -1.24413 -14.9 2 
504 -0.807692 -1.31642 -14.9 2 
505 -0.876789 -1.38871 -14.9 2 
506 -0.945886 -1.461 -14.9 2 
507 -1.01498 -1.53329 -14.9 2 
508 -1.08408 -1.60557 -14.9 2 
509 -1.15318 -1.67786 -14.9 2 
510 -1.15318 -1.67786 -15 6 
511 -1.15318 -1.67786 -15.1 6 
512 -1.15318 -1.67786 -15.2 6 
513 -1.15318 -1.67786 -15.3 6 
514 -1.15318 -1.67786 -15.4 6 
515 -1.15318 -1.67786 -15.5 6 
516 -1.15318 -1.67786 -15.6 6 
517 -1.15318 -1.67786 -15.7 6 
518 -1.15318 -1.67786 -15.8 6 
519 -1.15318 -1.67786 -15.9 6 
520 -1.15318 -1.67786 -16 6 
521 -1.15318 -1.67786 -16.1 6 
522 -1.15318 -1.67786 -16.2 6 
523 -1.06504 -1.7251 -16.2 1 
524 -0.976903 -1.77235 -16.2 1 
525 -0.888766 -1.81959 -16.2 1 
526 -0.800629 -1.86683 -16.2 1 
527 -0.712492 -1.91407 -16.2 1 
528 -0.624355 -1.96131 -16.2 1 
529 -0.536217 -2.00856 -16.2 1 
530 -0.44808 -2.0558 -16.2 1 
531 -0.359943 -2.10304 -16.2 1 
532 -0.271806 -2.15028 -16.2 1 
533 -0.183668 -2.19753 -16.2 1 
534 -0.095531 -2.24477 -16.2 1 
535 -0.00739378 -2.29201 -16.2 1 
536 0.0807435 -2.33925 -16.2 1 
537 0.168881 -2.38649 -16.2 1 
538 0.257018 -2.43374 -16.2 1 
539 0.345155 -2.48098 -16.2 1 
540 0.433292 -2.52822 -16.2 1 
541 0.52143 -2.57546 -16.2 1 
542 0.609567 -2.62271 -16.2 1 
543 0.697704 -2.66995 -16.2 1 
544 0.785841 -2.71719 -16.2 1 
545 0.873979 -2.76443 -16.2 1 
546 0.962116 -2.81167 -16.2 1 
547 1.05025 -2.85892 -16.2 1 
548 1.05025 -2.85892 -16.1 5 
549 1.05025 -2.85892 -16 5 
550 1.05025 -2.85892 -15.9 5 
551 1.05025 -2.85892 -15.8 5 
552 1.05025 -2.85892 -15.7 5 
553 1.15025 -2.85812 -15.7 1 
554 1.25025 -2.85732 -15.7 1 
555 1.35024 -2.85653 -15.7 1 
556 1.45024 -2.85573 -15.7 1 
557 1.55024 -2.85493 -15.7 1 
558 1.65023 -2.85414 -15.7 1 
559 1.75023 -2.85334 -15.7 1 
560 1.85023 -2.85255 -15.7 1 
561 1.95022 -2.85175 -15.7 1 
562 2.05022 -2.85095 -15.7 1 
563 2.15022 -2.85016 -15.7 1 
564 2.25022 -2.84936 -15.7 1 
565 2.35021 -2.84856 -15.7 1 
566 2.45021 -2.84777 -15.7 1 
567 2.55021 -2.84697 -15.7 1 
568 2.6502 -2.84618 -15.7 1 
569 2.7502 -2.84538 -15.7 1 
570 2.8502 -2.84458 -15.7 1 
571 2.95019 -2.84379 -15.7 1 
572 2.95019 -2.84379 -15.6 5 
573 2.95019 -2.84379 -15.5 5 
574 2.95019 -2.84379 -15.4 5 
575 2.95019 -2.84379 -15.3 5 
576 2.95019 -2.84379 -15.2 5 
577 2.95019 -2.84379 -15.1 5 
578 2.95019 -2.84379 -15 5 
579 2.95019 -2.84379 -14.9 5 
580 2.95019 -2.84379 -14.8 5 
581 2.95019 -2.84379 -14.7 5 
582 2.95019 -2.84379 -14.6 5 
583 2.95019 -2.84379 -14.5 5 
584 2.95019 -2.84379 -14.4 5 
585 2.95019 -2.84379 -14.3 5 
586 2.95019 -2.84379 -14.2 5 
587 2.95019 -2.84379 -14.1 5 
588 2.95019 -2.84379 -14 5 
589 2.95019 -2.84379 -13.9 5 
590 2.95019 -2.84379 -13.8 5 
591 2.95019 -2.84379 -13.7 5 
592 2.95019 -2.84379 -13.6 5 
593 2.95019 -2.84379 -13.5 5 
594 2.95019 -2.84379 -13.4 5 
595 2.95019 -2.84379 -13.3 5 
596 2.95019 -2.84379 -13.2 5 
597 2.95019 -2.84379 -13.1 5 
598 2.95019 -2.84379 -13 5 
599 2.95019 -2.84379 -12.9 5 
600 2.95019 -2.84379 -12.8 5 
601 2.95019 -2.84379 -12.7 5 
602 2.95019 -2.84379 -12.6 5 
603 2.95019 -2.84379 -12.5 5 
604 2.95019 -2.84379 -12.4 5 
605 2.95019 -2.84379 -12.3 5 
606 2.95019 -2.84379 -12.2 5 
607 2.95019 -2.84379 -12.1 5 
608 2.95019 -2.84379 -12 5 
609 2.95019 -2.84379 -11.9 5 
610 2.95019 -2.84379 -11.8 5 
611 2.95019 -2.84379 -11.7 5 
612 2.95019 -2.84379 -11.6 5 
613 2.95019 -2.84379 -11.5 5 
614 2.95019 -2.84379 -11.4 5 
615 2.95019 -2.84379 -11.3 5 
616 2.95019 -2.84379 -11.2 5 
617 2.95019 -2.84379 -11.1 5 
618 2.95019 -2.84379 -11 5 
619 2.95019 -2.84379 -10.9 5 
620 2.95019 -2.84379 -10.8 5 
621 2.95019 -2.84379 -10.7 5 
622 2.95019 -2.84379 -10.6 5 
623 2.95019 -2.84379 -10.5 5 
624 2.95019 -2.84379 -10.4 5 
625 2.95019 -2.84379 -10.3 5 
626 2.95019 -2.84379 -10.2 5 
627 2.95019 -2.84379 -10.1 5 
628 2.95019 -2.84379 -10 5 
629 2.95019 -2.84379 -9.9 5 
630 2.95019 -2.84379 -9.8 5 
631 2.95019 -2.84379 -9.7 5 
632 2.95019 -2.84379 -9.8 6 
633 2.95019 -2.84379 -9.9 6 
634 2.95019 -2.84379 -10 6 
635 2.95019 -2.84379 -10.1 6 
636 2.95019 -2.84379 -10.2 6 
637 2.95019 -2.84379 -10.3 6 
638 2.95019 -2.84379 -10.4 6 
639 2.95019 -2.84379 -10.5 6 
640 2.95019 -2.84379 -10.6 6 
641 2.95019 -2.84379 -10.7 6 
642 2.95019 -2.84379 -10.8 6 
643 2.95019 -2.84379 -10.9 6 
644 2.95019 -2.84379 -11 6 
645 2.95019 -2.84379 -11.1 6 
646 2.95019 -2.84379 -11.2 6 
647 2.95019 -2.84379 -11.3 6 
648 2.95019 -2.84379 -11.4 6 
649 2.95019 -2.84379 -11.5 6 
650 2.95019 -2.84379 -11.6 6 
651 2.95019 -2.84379 -11.7 6 
652 2.95019 -2.84379 -11.8 6 
653 2.95019 -2.84379 -11.9 6 
654 2.95019 -2.84379 -12 6 
655 2.95019 -2.84379 -12.1 6 
656 2.95019 -2.84379 -12.2 6 
657 2.95019 -2.84379 -12.3 6 
658 2.95019 -2.84379 -12.4 6 
659 2.95019 -2.84379 -12.5 6 
660 2.95019 -2.84379 -12.6 6 
661 2.95019 -2.84379 -12.7 6 
662 2.95019 -2.84379 -12.8 6 
663 2.95019 -2.84379 -12.9 6 
664 2.95019 -2.84379 -13 6 
665 2.95019 -2.84379 -13.1 6 
666 2.95019 -2.84379 -13.2 6 
667 2.95019 -2.84379 -13.3 6 
668 2.95019 -2.84379 -13.4 6 
669 2.95019 -2.84379 -13.5 6 
670 2.95019 -2.84379 -13.6 6 
671 2.95019 -2.84379 -13.7 6 
672 2.95019 -2.84379 -13.8 6 
673 2.95019 -2.84379 -13.9 6 
674 2.95019 -2.84379 -14 6 
675 2.95019 -2.84379 -14.1 6 
676 2.95019 -2.84379 -14.2 6 
677 2.95019 -2.84379 -14.1 5 
678 2.95019 -2.84379 -14 5 
679 2.95019 -2.84379 -13.9 5 
680 2.95019 -2.84379 -13.8 5 
681 2.95019 -2.84379 -13.7 5 
682 2.95019 -2.84379 -13.6 5 
683 2.95019 -2.84379 -13.5 5 
684 2.95019 -2.84379 -13.4 5 
685 2.95019 -2.84379 -13.3 5 
686 2.95019 -2.84379 -13.2 5 
687 2.95019 -2.84379 -13.1 5 
688 3.03629 -2.89465 -13.1 2 
689 3.12239 -2.94552 -13.1 2 
690 3.20848 -2.99638 -13.1 2 
691 3.20848 -2.99638 -13.2 6 
692 3.20848 -2.99638 -13.3 6 
693 3.20848 -2.99638 -13.4 6 
694 3.20848 -2.99638 -13.5 6 
695 3.20848 -2.99638 -13.6 6 
696 3.20848 -2.99638 -13.7 6 
697 3.20848 -2.99638 -13.8 6 
698 3.20848 -2.99638 -13.9 6 
699 3.20848 -2.99638 -14 6 
700 3.20848 -2.99638 -14.1 6 
701 3.20848 -2.99638 -14.2 6 
702 3.20848 -2.99638 -14.3 6 
703 3.20848 -2.99638 -14.4 6 
704 3.20848 -2.99638 -14.5 6 
705 3.20848 -2.99638 -14.6 6 
706 3.20848 -2.99638 -14.7 6 
707 3.20848 -2.99638 -14.8 6 
708 3.20848 -2.99638 -14.9 6 
709 3.20848 -2.99638 -15 6 
710 3.20848 -2.99638 -15.1 6 
711 3.20848 -2.99638 -15.2 6 
712 3.20848 -2.99638 -15.3 6 
713 3.20848 -2.99638 -15.4 6 
714 3.20848 -2.99638 -15.5 6 
715 3.20848 -2.99638 -15.6 6 
716 3.20848 -2.99638 -15.7 6 
717 3.10849 -2.99718 -15.7 2 
718 3.00849 -2.99798 -15.7 2 
719 2.90849 -2.99877 -15.7 2 
720 2.8085 -2.99957 -15.7 2 
721 2.7085 -3.00037 -15.7 2 
722 2.6085 -3.00116 -15.7 2 
723 2.50851 -3.00196 -15.7 2 
724 2.40851 -3.00276 -15.7 2 
725 2.30851 -3.00355 -15.7 2 
726 2.20851 -3.00435 -15.7 2 
727 2.10852 -3.00514 -15.7 2 
728 2.00852 -3.00594 -15.7 2 
729 1.90852 -3.00674 -15.7 2 
730 1.80853 -3.00753 -15.7 2 
731 1.70853 -3.00833 -15.7 2 
732 1.60853 -3.00913 -15.7 2 
733 1.50854 -3.00992 -15.7 2 
734 1.40854 -3.01072 -15.7 2 
735 1.30854 -3.01151 -15.7 2 
736 1.20855 -3.01231 -15.7 2 
737 1.10855 -3.01311 -15.7 2 
738 1.00855 -3.0139 -15.7 2 
739 0.908556 -3.0147 -15.7 2 
740 0.808559 -3.0155 -15.7 2 
741 0.708562 -3.01629 -15.7 2 
742 0.608565 -3.01709 -15.7 2 
743 0.508569 -3.01789 -15.7 2 
744 0.408572 -3.01868 -15.7 2 
745 0.308575 -3.01948 -15.7 2 
746 0.208578 -3.02027 -15.7 2 
747 0.108581 -3.02107 -15.7 2 
748 0.00858441 -3.02187 -15.7 2 
749 -0.0914124 -3.02266 -15.7 2 
750 -0.191409 -3.02346 -15.7 2 
751 -0.291406 -3.02426 -15.7 2 
752 -0.391403 -3.02505 -15.7 2 
753 -0.4914 -3.02585 -15.7 2 
754 -0.591397 -3.02664 -15.7 2 
755 -0.691393 -3.02744 -15.7 2 
756 -0.79139 -3.02824 -15.7 2 
757 -0.891387 -3.02903 -15.7 2 
758 -0.991384 -3.02983 -15.7 2 
759 -0.991384 -3.02983 -15.6 5 
760 -0.991384 -3.02983 -15.5 5 
761 -0.991384 -3.02983 -15.4 5 
762 -0.991384 -3.02983 -15.3 5 
763 -0.991384 -3.02983 -15.2 5 
764 -0.991384 -3.02983 -15.1 5 
765 -0.991384 -3.02983 -15 5 
766 -0.991384 -3.02983 -14.9 5 
767 -0.991384 -3.02983 -14.8 5 
768 -0.991384 -3.02983 -14.7 5 
769 -0.991384 -3.02983 -14.6 5 
770 -0.991384 -3.02983 -14.5 5 
771 -0.991384 -3.02983 -14.4 5 
772 -0.991384 -3.02983 -14.3 5 
773 -0.975172 -2.93115 -14.3 1 
774 -0.958961 -2.83248 -14.3 1 
775 -0.94275 -2.7338 -14.3 1 
776 -0.926538 -2.63512 -14.3 1 
777 -0.910327 -2.53644 -14.3 1 
778 -0.894115 -2.43777 -14.3 1 
779 -0.877904 -2.33909 -14.3 1 
780 -0.861692 -2.24041 -14.3 1 
781 -0.845481 -2.14174 -14.3 1 
782 -0.829269 -2.04306 -14.3 1 
783 -0.813058 -1.94438 -14.3 1 
784 -0.796847 -1.8457 -14.3 1 
785 -0.780635 -1.74703 -14.3 1 
786 -0.764424 -1.64835 -14.3 1 
787 -0.748212 -1.54967 -14.3 1 
788 -0.732001 -1.451 -14.3 1 
789 -0.715789 -1.35232 -14.3 1 
790 -0.699578 -1.25364 -14.3 1 
791 -0.683366 -1.15496 -14.3 1 
792 -0.683366 -1.15496 -14.2 5 
793 -0.683366 -1.15496 -14.1 5 
794 -0.683366 -1.15496 -14 5 
795 -0.683366 -1.15496 -13.9 5 
796 -0.683366 -1.15496 -13.8 5 
797 -0.683366 -1.15496 -13.7 5 
798 -0.683366 -1.15496 -13.6 5 
799 -0.683366 -1.15496 -13.5 5 
800 -0.683366 -1.15496 -13.4 5 
801 -0.683366 -1.15496 -13.3 5 
802 -0.683366 -1.15496 -13.2 5 
803 -0.683366 -1.15496 -13.1 5 
804 -0.683366 -1.15496 -13 5 
805 -0.683366 -1.15496 -12.9 5 
806 -0.683366 -1.15496 -12.8 5 
807 -0.683366 -1.15496 -12.7 5 
808 -0.683366 -1.15496 -12.6 5 
809 -0.683366 -1.15496 -12.5 5 
810 -0.683366 -1.15496 -12.4 5 
811 -0.781986 -1.17152 -12.4 1 
812 -0.880605 -1.18808 -12.4 1 
813 -0.979224 -1.20464 -12.4 1 
814 -1.07784 -1.22121 -12.4 1 
815 -1.17646 -1.23777 -12.4 1 
816 -1.27508 -1.25433 -12.4 1 
817 -1.3737 -1.27089 -12.4 1 
818 -1.47232 -1.28745 -12.4 1 
819 -1.57094 -1.30401 -12.4 1 
820 -1.66956 -1.32057 -12.4 1 
821 -1.76818 -1.33713 -12.4 1 
822 -1.8668 -1.35369 -12.4 1 
823 -1.96542 -1.37025 -12.4 1 
824 -2.06404 -1.38681 -12.4 1 
825 -2.16265 -1.40337 -12.4 1 
826 -2.26127 -1.41993 -12.4 1 
827 -2.35989 -1.43649 -12.4 1 
828 -2.45851 -1.45305 -12.4 1 
829 -2.55713 -1.46961 -12.4 1 
830 -2.65575 -1.48617 -12.4 1 
831 -2.75437 -1.50273 -12.4 1 
832 -2.85299 -1.51929 -12.4 1 
833 -2.95161 -1.53585 -12.4 1 
834 -3.05023 -1.55241 -12.4 1 
835 -3.14885 -1.56897 -12.4 1 
836 -3.24747 -1.58553 -12.4 1 
837 -3.34609 -1.60209 -12.4 1 
838 -3.44471 -1.61866 -12.4 1 
839 -3.54332 -1.63522 -12.4 1 
840 -3.64194 -1.65178 -12.4 1 
841 -3.74056 -1.66834 -12.4 1 
842 -3.83918 -1.6849 -12.4 1 
843 -3.9378 -1.70146 -12.4 1 
844 -4.03642 -1.71802 -12.4 1 
845 -4.13504 -1.73458 -12.4 1 
846 -4.13504 -1.73458 -12.5 6 
847 -4.13504 -1.73458 -12.6 6 
848 -4.13504 -1.73458 -12.7 6 
849 -4.13504 -1.73458 -12.8 6 
850 -4.13504 -1.73458 -12.9 6 
851 -4.13504 -1.73458 -13 6 
852 -4.13504 -1.73458 -13.1 6 
853 -4.13504 -1.73458 -13.2 6 
854 -4.13504 -1.73458 -13.3 6 
855 -4.13504 -1.73458 -13.4 6 
856 -4.13504 -1.73458 -13.5 6 
857 -4.13504 -1.73458 -13.6 6 
858 -4.13504 -1.73458 -13.7 6 
859 -4.13504 -1.73458 -13.8 6 
860 -4.13504 -1.73458 -13.9 6 
861 -4.13504 -1.73458 -14 6 
862 -4.13504 -1.73458 -14.1 6 
863 -4.13504 -1.73458 -14.2 6 
864 -4.13504 -1.73458 -14.3 6 
865 -4.13504 -1.73458 -14.4 6 
866 -4.13504 -1.73458 -14.5 6 
867 -4.13504 -1.73458 -14.6 6 
868 -4.13504 -1.73458 -14.7 6 
869 -4.13504 -1.73458 -14.8 6 
870 -4.13504 -1.73458 -14.9 6 
871 -4.13504 -1.73458 -15 6 
872 -4.13504 -1.73458 -15.1 6 
873 -4.13504 -1.73458 -15.2 6 
874 -4.13504 -1.73458 -15.3 6 
875 -4.13504 -1.73458 -15.4 6 
876 -4.13504 -1.73458 -15.5 6 
877 -4.13504 -1.73458 -15.6 6 
878 -4.13504 -1.73458 -15.7 6 
879 -4.13504 -1.73458 -15.8 6 
880 -4.13504 -1.73458 -15.9 6 
881 -4.13504 -1.73458 -16 6 
882 -4.13504 -1.73458 -16.1 6 
883 -4.13504 -1.73458 -16.2 6 
884 -4.13504 -1.73458 -16.3 6 
885 -4.13504 -1.73458 -16.4 6 
886 -4.13504 -1.73458 -16.5 6 
887 -4.13504 -1.73458 -16.6 6 
888 -4.13504 -1.73458 -16.7 6 
889 -4.13504 -1.73458 -16.8 6 
890 -4.13504 -1.73458 -16.9 6 
891 -4.13504 -1.73458 -17 6 
892 -4.13504 -1.73458 -17.1 6 
893 -4.13504 -1.73458 -17.2 6 
894 -4.13504 -1.73458 -17.3 6 
895 -4.13504 -1.73458 -17.4 6 
896 -4.13504 -1.73458 -17.5 6 
897 -4.13504 -1.73458 -17.6 6 
898 -4.13504 -1.73458 -17.7 6 
899 -4.13504 -1.73458 -17.8 6 
900 -4.13504 -1.73458 -17.9 6 
901 -4.13504 -1.73458 -18 6 
902 -4.13504 -1.73458 -18.1 6 
903 -4.06184 -1.66645 -18.1 2 
904 -3.98864 -1.59832 -18.1 2 
905 -3.91544 -1.53018 -18.1 2 
906 -3.84224 -1.46205 -18.1 2 
907 -3.76904 -1.39392 -18.1 2 
908 -3.69584 -1.32579 -18.1 2 
909 -3.62265 -1.25766 -18.1 2 
910 -3.54945 -1.18953 -18.1 2 
911 -3.47625 -1.1214 -18.1 2 
912 -3.40305 -1.05326 -18.1 2 
913 -3.32985 -0.985133 -18.1 2 
914 -3.25665 -0.917002 -18.1 2 
915 -3.18345 -0.84887 -18.1 2 
916 -3.11025 -0.780739 -18.1 2 
917 -3.03705 -0.712608 -18.1 2 
918 -2.96385 -0.644476 -18.1 2 
919 -2.89065 -0.576345 -18.1 2 
920 -2.81745 -0.508213 -18.1 2 
921 -2.81745 -0.508213 -18.2 6 
922 -2.81745 -0.508213 -18.3 6 
923 -2.81745 -0.508213 -18.4 6 
924 -2.81745 -0.508213 -18.5 6 
925 -2.81745 -0.508213 -18.6 6 
926 -2.81745 -0.508213 -18.7 6 
927 -2.81745 -0.508213 -18.8 6 
928 -2.81745 -0.508213 -18.9 6 
929 -2.81745 -0.508213 -19 6 
930 -2.81745 -0.508213 -19.1 6 
931 -2.81745 -0.508213 -19.2 6 
932 -2.81745 -0.508213 -19.3 6 
933 -2.81745 -0.508213 -19.2 5 
934 -2.81745 -0.508213 -19.1 5 
935 -2.81745 -0.508213 -19 5 
936 -2.81745 -0.508213 -18.9 5 
937 -2.81745 -0.508213 -18.8 5 
938 -2.81745 -0.508213 -18.7 5 
939 -2.81745 -0.508213 -18.6 5 
940 -2.81745 -0.508213 -18.5 5 
941 -2.81745 -0.508213 -18.4 5 
942 -2.81745 -0.508213 -18.3 5 
943 -2.81745 -0.508213 -18.2 5 
944 -2.81745 -0.508213 -18.1 5 
945 -2.81745 -0.508213 -18 5 
946 -2.81745 -0.508213 -17.9 5 
947 -2.81745 -0.508213 -17.8 5 
948 -2.81745 -0.508213 -17.7 5 
949 -2.81745 -0.508213 -17.6 5 
950 -2.81745 -0.508213 -17.5 5 
951 -2.81745 -0.508213 -17.4 5 
952 -2.81745 -0.508213 -17.3 5 
953 -2.81745 -0.508213 -17.2 5 
954 -2.81745 -0.508213 -17.1 5 
955 -2.81745 -0.508213 -17 5 
956 -2.81745 -0.508213 -16.9 5 
957 -2.81745 -0.508213 -16.8 5 
958 -2.81745 -0.508213 -16.7 5 
959 -2.81745 -0.508213 -16.6 5 
960 -2.81745 -0.508213 -16.5 5 
961 -2.81745 -0.508213 -16.4 5 
962 -2.81745 -0.508213 -16.3 5 
963 -2.81745 -0.508213 -16.2 5 
964 -2.81745 -0.508213 -16.1 5 
965 -2.81745 -0.508213 -16 5 
966 -2.81745 -0.508213 -15.9 5 
967 -2.81745 -0.508213 -15.8 5 
968 -2.91703 -0.499023 -15.8 2 
969 -2.92622 -0.598599 -15.8 4 
970 -2.93541 -0.698176 -15.8 4 
971 -2.9446 -0.797753 -15.8 4 
972 -2.95379 -0.89733 -15.8 4 
973 -2.96299 -0.996907 -15.8 4 
974 -2.97218 -1.09648 -15.8 4 
975 -2.8726 -1.10567 -15.8 1 
976 -2.77302 -1.11486 -15.8 1 
977 -2.67345 -1.12406 -15.8 1 
978 -2.57387 -1.13325 -15.8 1 
979 -2.47429 -1.14244 -15.8 1 
980 -2.37472 -1.15163 -15.8 1 
981 -2.27514 -1.16082 -15.8 1 
982 -2.17556 -1.17001 -15.8 1 
983 -2.07598 -1.1792 -15.8 1 
984 -1.97641 -1.18839 -15.8 1 
985 -1.87683 -1.19758 -15.8 1 
986 -1.77725 -1.20677 -15.8 1 
987 -1.67768 -1.21596 -15.8 1 
988 -1.5781 -1.22515 -15.8 1 
989 -1.47852 -1.23434 -15.8 1 
990 -1.37895 -1.24353 -15.8 1 
991 -1.27937 -1.25272 -15.8 1 
992 -1.17979 -1.26192 -15.8 1 
993 -1.08022 -1.27111 -15.8 1 
994 -0.98064 -1.2803 -15.8 1 
995 -0.881064 -1.28949 -15.8 1 
996 -0.781487 -1.29868 -15.8 1 
997 -0.68191 -1.30787 -15.8 1 
998 -0.582333 -1.31706 -15.8 1 
999 -0.582333 -1.31706 -15.9 6 
1000 -0.582333 -1.31706 -16 6 
1001 -0.582333 -1.31706 -16.1 6 
1002 -0.582333 -1.31706 -16.2 6 
1003 -0.582333 -1.31706 -16.3 6 
1004 -0.582333 -1.31706 -16.4 6 
1005 -0.582333 -1.31706 -16.5 6 
1006 -0.582333 -1.31706 -16.6 6 
1007 -0.582333 -1.31706 -16.7 6 
1008 -0.582333 -1.31706 -16.8 6 
1009 -0.582333 -1.31706 -16.9 6 
1010 -0.582333 -1.31706 -17 6 
1011 -0.582333 -1.31706 -17.1 6 
1012 -0.582333 -1.31706 -17.2 6 
1013 -0.582333 -1.31706 -17.3 6 
1014 -0.58021 -1.21708 -17.3 2 
1015 -0.582333 -1.31706 -17.3 1 
1016 -0.584457 -1.41704 -17.3 1 
1017 -0.586581 -1.51701 -17.3 1 
1018 -0.588705 -1.61699 -17.3 1 
1019 -0.590829 -1.71697 -17.3 1 
1020 -0.592953 -1.81695 -17.3 1 
1021 -0.595077 -1.91692 -17.3 1 
1022 -0.597201 -2.0169 -17.3 1 
1023 -0.599324 -2.11688 -17.3 1 
1024 -0.601448 -2.21686 -17.3 1 
1025 -0.603572 -2.31683 -17.3 1 
1026 -0.605696 -2.41681 -17.3 1 
1027 -0.60782 -2.51679 -17.3 1 
1028 -0.609944 -2.61677 -17.3 1 
1029 -0.612068 -2.71674 -17.3 1 
1030 -0.614192 -2.81672 -17.3 1 
1031 -0.616316 -2.9167 -17.3 1 
1032 -0.618439 -3.01668 -17.3 1 
1033 -0.620563 -3.11665 -17.3 1 
1034 -0.622687 -3.21663 -17.3 1 
1035 -0.624811 -3.31661 -17.3 1 
1036 -0.626935 -3.41659 -17.3 1 
1037 -0.629059 -3.51656 -17.3 1 
1038 -0.631183 -3.61654 -17.3 1 
1039 -0.633307 -3.71652 -17.3 1 
1040 -0.63543 -3.8165 -17.3 1 
1041 -0.637554 -3.91647 -17.3 1 
1042 -0.639678 -4.01645 -17.3 1 
1043 -0.641802 -4.11643 -17.3 1 
1044 -0.643926 -4.21641 -17.3 1 
1045 -0.64605 -4.31638 -17.3 1 
1046 -0.64605 -4.31638 -17.4 6 
1047 -0.64605 -4.31638 -17.5 6 
1048 -0.64605 -4.31638 -17.6 6 
1049 -0.64605 -4.31638 -17.7 6 
1050 -0.64605 -4.31638 -17.8 6 
1051 -0.64605 -4.31638 -17.9 6 
1052 -0.64605 -4.31638 -18 6 
1053 -0.64605 -4.31638 -18.1 6 
1054 -0.64605 -4.31638 -18.2 6 
1055 -0.64605 -4.31638 -18.3 6 
1056 -0.64605 -4.31638 -18.4 6 
1057 -0.64605 -4.31638 -18.5 6 
1058 -0.64605 -4.31638 -18.6 6 
1059 -0.64605 -4.31638 -18.7 6 
1060 -0.64605 -4.31638 -18.8 6 
1061 -0.745927 -4.32134 -18.8 1 
1062 -0.845804 -4.32629 -18.8 1 
1063 -0.945682 -4.33124 -18.8 1 
1064 -1.04556 -4.3362 -18.8 1 
1065 -1.14544 -4.34115 -18.8 1 
1066 -1.24531 -4.3461 -18.8 1 
1067 -1.34519 -4.35106 -18.8 1 
1068 -1.44507 -4.35601 -18.8 1 
1069 -1.54495 -4.36097 -18.8 1 
1070 -1.64482 -4.36592 -18.8 1 
1071 -1.7447 -4.37087 -18.8 1 
1072 -1.84458 -4.37583 -18.8 1 
1073 -1.94445 -4.38078 -18.8 1 
1074 -2.04433 -4.38573 -18.8 1 
1075 -2.14421 -4.39069 -18.8 1 
1076 -2.24409 -4.39564 -18.8 1 
1077 -2.34396 -4.40059 -18.8 1 
1078 -2.44384 -4.40555 -18.8 1 
1079 -2.54372 -4.4105 -18.8 1 
1080 -2.64359 -4.41545 -18.8 1 
1081 -2.74347 -4.42041 -18.8 1 
1082 -2.84335 -4.42536 -18.8 1 
1083 -2.94323 -4.43032 -18.8 1 
1084 -2.84335 -4.42536 -18.8 2 
1085 -2.74347 -4.42041 -18.8 2 
1086 -2.73852 -4.52029 -18.8 3 
1087 -2.73356 -4.62016 -18.8 3 
1088 -2.72861 -4.72004 -18.8 3 
1089 -2.72366 -4.81992 -18.8 3 
1090 -2.7187 -4.91979 -18.8 3 
1091 -2.71375 -5.01967 -18.8 3 
1092 -2.81363 -5.02462 -18.8 1 
1093 -2.9135 -5.02958 -18.8 1 
1094 -3.01338 -5.03453 -18.8 1 
1095 -3.11326 -5.03949 -18.8 1 
1096 -3.21314 -5.04444 -18.8 1 
1097 -3.31301 -5.04939 -18.8 1 
1098 -3.41289 -5.05435 -18.8 1 
1099 -3.51277 -5.0593 -18.8 1 
1100 -3.61265 -5.06425 -18.8 1 
1101 -3.71252 -5.06921 -18.8 1 
1102 -3.8124 -5.07416 -18.8 1 
1103 -3.91228 -5.07911 -18.8 1 
1104 -4.01215 -5.08407 -18.8 1 
1105 -4.11203 -5.08902 -18.8 1 
1106 -4.21191 -5.09397 -18.8 1 
1107 -4.31179 -5.09893 -18.8 1 
1108 -4.41166 -5.10388 -18.8 1 
1109 -4.51154 -5.10884 -18.8 1 
1110 -4.61142 -5.11379 -18.8 1 
1111 -4.7113 -5.11874 -18.8 1 
1112 -4.7113 -5.11874 -18.9 6 
1113 -4.7113 -5.11874 -19 6 
1114 -4.7113 -5.11874 -19.1 6 
1115 -4.7113 -5.11874 -19.2 6 
1116 -4.7113 -5.11874 -19.3 6 
1117 -4.7113 -5.11874 -19.4 6 
1118 -4.7113 -5.11874 -19.5 6 
1119 -4.7113 -5.11874 -19.6 6 
1120 -4.7113 -5.11874 -19.7 6 
1121 -4.7113 -5.11874 -19.8 6 
1122 -4.7113 -5.11874 -19.9 6 
1123 -4.7113 -5.11874 -20 6 
1124 -4.7113 -5.11874 -20.1 6 
1125 -4.7113 -5.11874 -20.2 6 
1126 -4.7113 -5.11874 -20.3 6 
1127 -4.7113 -5.11874 -20.4 6 
1128 -4.7113 -5.11874 -20.5 6 
1129 -4.7113 -5.11874 -20.6 6 
1130 -4.7113 -5.11874 -20.7 6 
1131 -4.7113 -5.11874 -20.8 6 
1132 -4.7113 -5.11874 -20.9 6 
1133 -4.7113 -5.11874 -21 6 
1134 -4.7113 -5.11874 -21.1 6 
1135 -4.7113 -5.11874 -21.2 6 
1136 -4.7113 -5.11874 -21.3 6 
1137 -4.7113 -5.11874 -21.4 6 
1138 -4.7113 -5.11874 -21.5 6 
1139 -4.7113 -5.11874 -21.6 6 
1140 -4.7113 -5.11874 -21.7 6 
1141 -4.7113 -5.11874 -21.8 6 
1142 -4.61312 -5.09974 -21.8 1 
1143 -4.51494 -5.08075 -21.8 1 
1144 -4.41676 -5.06175 -21.8 1 
1145 -4.31858 -5.04275 -21.8 1 
1146 -4.2204 -5.02375 -21.8 1 
1147 -4.12222 -5.00475 -21.8 1 
1148 -4.02404 -4.98575 -21.8 1 
1149 -3.92587 -4.96675 -21.8 1 
1150 -3.82769 -4.94775 -21.8 1 
1151 -3.72951 -4.92876 -21.8 1 
1152 -3.63133 -4.90976 -21.8 1 
1153 -3.53315 -4.89076 -21.8 1 
1154 -3.43497 -4.87176 -21.8 1 
1155 -3.33679 -4.85276 -21.8 1 
1156 -3.33679 -4.85276 -21.9 6 
1157 -3.33679 -4.85276 -22 6 
1158 -3.33679 -4.85276 -21.9 5 
1159 -3.33679 -4.85276 -21.8 5 
1160 -3.33679 -4.85276 -21.7 5 
1161 -3.33679 -4.85276 -21.6 5 
1162 -3.24435 -4.81464 -21.6 1 
1163 -3.1519 -4.77651 -21.6 1 
1164 -3.05945 -4.73839 -21.6 1 
1165 -2.96701 -4.70026 -21.6 1 
1166 -2.87456 -4.66214 -21.6 1 
1167 -2.78211 -4.62401 -21.6 1 
1168 -2.68966 -4.58589 -21.6 1 
1169 -2.59722 -4.54776 -21.6 1 
1170 -2.50477 -4.50964 -21.6 1 
1171 -2.41232 -4.47151 -21.6 1 
1172 -2.31987 -4.43339 -21.6 1 
1173 -2.22743 -4.39526 -21.6 1 
1174 -2.13498 -4.35714 -21.6 1 
1175 -2.04253 -4.31901 -21.6 1 
1176 -1.95009 -4.28089 -21.6 1 
1177 -1.85764 -4.24276 -21.6 1 
1178 -1.76519 -4.20464 -21.6 1 
1179 -1.67274 -4.16651 -21.6 1 
1180 -1.5803 -4.12839 -21.6 1 
1181 -1.48785 -4.09026 -21.6 1 
1182 -1.3954 -4.05213 -21.6 1 
1183 -1.30296 -4.01401 -21.6 1 
1184 -1.21051 -3.97589 -21.6 1 
1185 -1.11806 -3.93776 -21.6 1 
1186 -1.02561 -3.89964 -21.6 1 
1187 -0.933167 -3.86151 -21.6 1 
1188 -0.84072 -3.82339 -21.6 1 
1189 -0.748273 -3.78526 -21.6 1 
1190 -0.655826 -3.74713 -21.6 1 
1191 -0.563378 -3.70901 -21.6 1 
1192 -0.470931 -3.67088 -21.6 1 
1193 -0.470931 -3.67088 -21.7 6 
1194 -0.470931 -3.67088 -21.8 6 
1195 -0.470931 -3.67088 -21.9 6 
1196 -0.470931 -3.67088 -22 6 
1197 -0.470931 -3.67088 -22.1 6 
1198 -0.470931 -3.67088 -22.2 6 
1199 -0.470931 -3.67088 -22.3 6 
1200 -0.470931 -3.67088 -22.4 6 
1201 -0.470931 -3.67088 -22.5 6 
1202 -0.470931 -3.67088 -22.6 6 
1203 -0.470931 -3.67088 -22.7 6 
1204 -0.470931 -3.67088 -22.8 6 
1205 -0.470931 -3.67088 -22.9 6 
1206 -0.470931 -3.67088 -23 6 
1207 -0.470931 -3.67088 -23.1 6 
1208 -0.470931 -3.67088 -23.2 6 
1209 -0.470931 -3.67088 -23.3 6 
1210 -0.470931 -3.67088 -23.4 6 
1211 -0.470931 -3.67088 -23.5 6 
1212 -0.470931 -3.67088 -23.6 6 
1213 -0.470931 -3.67088 -23.7 6 
1214 -0.484693 -3.76993 -23.7 1 
1215 -0.498455 -3.86898 -23.7 1 
1216 -0.512216 -3.96803 -23.7 1 
1217 -0.525978 -4.06708 -23.7 1 
1218 -0.53974 -4.16613 -23.7 1 
1219 -0.553501 -4.26518 -23.7 1 
1220 -0.567263 -4.36422 -23.7 1 
1221 -0.581025 -4.46327 -23.7 1 
1222 -0.594787 -4.56232 -23.7 1 
1223 -0.608548 -4.66137 -23.7 1 
1224 -0.62231 -4.76042 -23.7 1 
1225 -0.636072 -4.85947 -23.7 1 
1226 -0.649833 -4.95852 -23.7 1 
1227 -0.663595 -5.05756 -23.7 1 
1228 -0.677357 -5.15661 -23.7 1 
1229 -0.691118 -5.25566 -23.7 1 
1230 -0.70488 -5.35471 -23.7 1 
1231 -0.718642 -5.45376 -23.7 1 
1232 -0.732404 -5.55281 -23.7 1 
1233 -0.746165 -5.65186 -23.7 1 
1234 -0.759927 -5.7509 -23.7 1 
1235 -0.773689 -5.84995 -23.7 1 
1236 -0.78745 -5.949 -23.7 1 
1237 -0.801212 -6.04805 -23.7 1 
1238 -0.814974 -6.1471 -23.7 1 
1239 -0.828735 -6.24615 -23.7 1 
1240 -0.842497 -6.3452 -23.7 1 
1241 -0.856259 -6.44424 -23.7 1 
1242 -0.870021 -6.54329 -23.7 1 
1243 -0.883782 -6.64234 -23.7 1 
1244 -0.897544 -6.74139 -23.7 1 
1245 -0.911306 -6.84044 -23.7 1 
1246 -0.925067 -6.93949 -23.7 1 
1247 -0.938829 -7.03854 -23.7 1 
1248 -0.952591 -7.13758 -23.7 1 
1249 -0.966352 -7.23663 -23.7 1 
1250 -0.980114 -7.33568 -23.7 1 
1251 -0.993876 -7.43473 -23.7 1 
1252 -1.00764 -7.53378 -23.7 1 
1253 -1.0214 -7.63283 -23.7 1 
1254 -1.03516 -7.73188 -23.7 1 
1255 -1.04892 -7.83092 -23.7 1 
1256 -1.04892 -7.83092 -23.6 5 
1257 -1.04892 -7.83092 -23.5 5 
1258 -1.04892 -7.83092 -23.4 5 
1259 -1.04892 -7.83092 -23.3 5 
1260 -1.04892 -7.83092 -23.2 5 
1261 -1.04892 -7.83092 -23.1 5 
1262 -1.04892 -7.83092 -23 5 
1263 -1.04892 -7.83092 -22.9 5 
1264 -0.987457 -7.9098 -22.9 1 
1265 -0.925992 -7.98868 -22.9 1 
1266 -0.864527 -8.06756 -22.9 1 
1267 -0.803062 -8.14644 -22.9 1 
1268 -0.741597 -8.22532 -22.9 1 
1269 -0.680131 -8.3042 -22.9 1 
1270 -0.618666 -8.38308 -22.9 1 
1271 -0.557201 -8.46196 -22.9 1 
1272 -0.495736 -8.54084 -22.9 1 
1273 -0.43427 -8.61972 -22.9 1 
1274 -0.372805 -8.6986 -22.9 1 
1275 -0.293925 -8.63714 -22.9 3 
1276 -0.215046 -8.57567 -22.9 3 
1277 -0.136166 -8.51421 -22.9 3 
1278 -0.0572859 -8.45274 -22.9 3 
1279 0.0215939 -8.39128 -22.9 3 
1280 0.0830591 -8.47016 -22.9 1 
1281 0.144524 -8.54904 -22.9 1 
1282 0.20599 -8.62792 -22.9 1 
1283 0.267455 -8.7068 -22.9 1 
1284 0.32892 -8.78568 -22.9 1 
1285 0.32892 -8.78568 -23 6 
1286 0.32892 -8.78568 -23.1 6 
1287 0.32892 -8.78568 -23.2 6 
1288 0.32892 -8.78568 -23.3 6 
1289 0.32892 -8.78568 -23.4 6 
1290 0.32892 -8.78568 -23.5 6 
1291 0.32892 -8.78568 -23.6 6 
1292 0.32892 -8.78568 -23.7 6 
1293 0.32892 -8.78568 -23.8 6 
1294 0.32892 -8.78568 -23.9 6 
1295 0.32892 -8.78568 -24 6 
1296 0.32892 -8.78568 -24.1 6 
1297 0.32892 -8.78568 -24.2 6 
1298 0.32892 -8.78568 -24.3 6 
1299 0.32892 -8.78568 -24.4 6 
1300 0.32892 -8.78568 -24.5 6 
1301 0.32892 -8.78568 -24.6 6 
1302 0.32892 -8.78568 -24.7 6 
1303 0.32892 -8.78568 -24.8 6 
1304 0.32892 -8.78568 -24.9 6 
1305 0.32892 -8.78568 -25 6 
1306 0.32892 -8.78568 -25.1 6 
1307 0.32892 -8.78568 -25.2 6 
1308 0.32892 -8.78568 -25.3 6 
1309 0.32892 -8.78568 -25.4 6 
1310 0.32892 -8.78568 -25.5 6 
1311 0.32892 -8.78568 -25.6 6 
1312 0.32892 -8.78568 -25.7 6 
1313 0.244582 -8.73194 -25.7 1 
1314 0.160245 -8.67821 -25.7 1 
1315 0.0759068 -8.62448 -25.7 1 
1316 -0.00843087 -8.57075 -25.7 1 
1317 -0.0927686 -8.51701 -25.7 1 
1318 -0.177106 -8.46328 -25.7 1 
1319 -0.261444 -8.40955 -25.7 1 
1320 -0.345782 -8.35582 -25.7 1 
1321 -0.430119 -8.30208 -25.7 1 
1322 -0.514457 -8.24835 -25.7 1 
1323 -0.598795 -8.19462 -25.7 1 
1324 -0.683133 -8.14089 -25.7 1 
1325 -0.76747 -8.08716 -25.7 1 
1326 -0.851808 -8.03342 -25.7 1 
1327 -0.936146 -7.97969 -25.7 1 
1328 -1.02048 -7.92596 -25.7 1 
1329 -1.10482 -7.87223 -25.7 1 
1330 -1.18916 -7.8185 -25.7 1 
1331 -1.2735 -7.76476 -25.7 1 
1332 -1.35783 -7.71103 -25.7 1 
1333 -1.44217 -7.6573 -25.7 1 
1334 -1.52651 -7.60357 -25.7 1 
1335 -1.61085 -7.54983 -25.7 1 
1336 -1.69518 -7.4961 -25.7 1 
1337 -1.77952 -7.44237 -25.7 1 
1338 -1.86386 -7.38864 -25.7 1 
1339 -1.9482 -7.33491 -25.7 1 
1340 -2.03254 -7.28117 -25.7 1 
1341 -2.11687 -7.22744 -25.7 1 
1342 -2.20121 -7.17371 -25.7 1 
1343 -2.28555 -7.11998 -25.7 1 
1344 -2.36989 -7.06624 -25.7 1 
1345 -2.45422 -7.01251 -25.7 1 
1346 -2.53856 -6.95878 -25.7 1 
1347 -2.6229 -6.90505 -25.7 1 
1348 -2.67663 -6.98939 -25.7 3 
1349 -2.73036 -7.07372 -25.7 3 
1350 -2.73036 -7.07372 -25.8 6 
1351 -2.73036 -7.07372 -25.9 6 
1352 -2.73036 -7.07372 -26 6 
1353 -2.73036 -7.07372 -26.1 6 
1354 -2.73036 -7.07372 -26.2 6 
1355 -2.73036 -7.07372 -26.3 6 
1356 -2.73036 -7.07372 -26.4 6 
1357 -2.73036 -7.07372 -26.5 6 
1358 -2.73036 -7.07372 -26.6 6 
1359 -2.73036 -7.07372 -26.7 6 
1360 -2.73036 -7.07372 -26.8 6 
1361 -2.73036 -7.07372 -26.9 6 
1362 -2.73036 -7.07372 -27 6 
1363 -2.73036 -7.07372 -27.1 6 
1364 -2.73036 -7.07372 -27.2 6 
1365 -2.73036 -7.07372 -27.3 6 
1366 -2.73036 -7.07372 -27.4 6 
1367 -2.65365 -7.13787 -27.4 4 
1368 -2.57694 -7.20202 -27.4 4 
1369 -2.50023 -7.26618 -27.4 4 
1370 -2.42352 -7.33033 -27.4 4 
1371 -2.34681 -7.39448 -27.4 4 
1372 -2.27009 -7.45863 -27.4 4 
1373 -2.19338 -7.52278 -27.4 4 
1374 -2.11667 -7.58693 -27.4 4 
1375 -2.03996 -7.65108 -27.4 4 
1376 -1.96325 -7.71523 -27.4 4 
1377 -1.88654 -7.77938 -27.4 4 
1378 -1.80982 -7.84353 -27.4 4 
1379 -1.73311 -7.90768 -27.4 4 
1380 -1.6564 -7.97183 -27.4 4 
1381 -1.57969 -8.03598 -27.4 4 
1382 -1.57969 -8.03598 -27.5 6 
1383 -1.57969 -8.03598 -27.6 6 
1384 -1.57969 -8.03598 -27.7 6 
1385 -1.57969 -8.03598 -27.8 6 
1386 -1.57969 -8.03598 -27.9 6 
1387 -1.57969 -8.03598 -28 6 
1388 -1.57969 -8.03598 -28.1 6 
1389 -1.57969 -8.03598 -28.2 6 
1390 -1.57969 -8.03598 -28.3 6 
1391 -1.57969 -8.03598 -28.4 6 
1392 -1.57969 -8.03598 -28.5 6 
1393 -1.57969 -8.03598 -28.6 6 
1394 -1.57969 -8.03598 -28.7 6 
1395 -1.5384 -7.94491 -28.7 3 
1396 -1.4971 -7.85383 -28.7 3 
1397 -1.45581 -7.76276 -28.7 3 
1398 -1.41452 -7.67168 -28.7 3 
1399 -1.37323 -7.5806 -28.7 3 
1400 -1.33193 -7.48953 -28.7 3 
1401 -1.29064 -7.39845 -28.7 3 
1402 -1.24935 -7.30737 -28.7 3 
1403 -1.20805 -7.2163 -28.7 3 
1404 -1.16676 -7.12522 -28.7 3 
1405 -1.12547 -7.03414 -28.7 3 
1406 -1.08418 -6.94307 -28.7 3 
1407 -1.04288 -6.85199 -28.7 3 
1408 -1.00159 -6.76092 -28.7 3 
1409 -0.960298 -6.66984 -28.7 3 
1410 -0.919006 -6.57876 -28.7 3 
1411 -0.877713 -6.48769 -28.7 3 
1412 -0.83642 -6.39661 -28.7 3 
1413 -0.795127 -6.30553 -28.7 3 
1414 -0.753835 -6.21446 -28.7 3 
1415 -0.712542 -6.12338 -28.7 3 
1416 -0.671249 -6.0323 -28.7 3 
1417 -0.629956 -5.94123 -28.7 3 
1418 -0.588664 -5.85015 -28.7 3 
1419 -0.547371 -5.75908 -28.7 3 
1420 -0.506078 -5.668 -28.7 3 
1421 -0.464785 -5.57692 -28.7 3 
1422 -0.423493 -5.48585 -28.7 3 
1423 -0.3822 -5.39477 -28.7 3 
1424 -0.340907 -5.30369 -28.7 3 
1425 -0.299614 -5.21262 -28.7 3 
1426 -0.258321 -5.12154 -28.7 3 
1427 -0.217029 -5.03046 -28.7 3 
1428 -0.175736 -4.93939 -28.7 3 
1429 -0.175736 -4.93939 -28.8 6 
1430 -0.175736 -4.93939 -28.9 6 
1431 -0.175736 -4.93939 -29 6 
1432 -0.175736 -4.93939 -29.1 6 
1433 -0.175736 -4.93939 -29.2 6 
1434 -0.175736 -4.93939 -29.3 6 
1435 -0.175736 -4.93939 -29.4 6 
1436 -0.175736 -4.93939 -29.5 6 
1437 -0.175736 -4.93939 -29.6 6 
1438 -0.175736 -4.93939 -29.7 6 
1439 -0.175736 -4.93939 -29.8 6 
1440 -0.175736 -4.93939 -29.9 6 
1441 -0.175736 -4.93939 -30 6 
1442 -0.175736 -4.93939 -30.1 6 
1443 -0.150524 -4.84262 -30.1 2 
1444 -0.175736 -4.93939 -30.1 1 
1445 -0.200948 -5.03616 -30.1 1 
1446 -0.22616 -5.13293 -30.1 1 
1447 -0.251372 -5.2297 -30.1 1 
1448 -0.276584 -5.32647 -30.1 1 
1449 -0.301796 -5.42324 -30.1 1 
1450 -0.327008 -5.52001 -30.1 1 
1451 -0.35222 -5.61678 -30.1 1 
1452 -0.377432 -5.71354 -30.1 1 
1453 -0.402643 -5.81031 -30.1 1 
1454 -0.427855 -5.90708 -30.1 1 
1455 -0.453067 -6.00385 -30.1 1 
1456 -0.478279 -6.10062 -30.1 1 
1457 -0.503491 -6.19739 -30.1 1 
1458 -0.528703 -6.29416 -30.1 1 
1459 -0.553915 -6.39093 -30.1 1 
1460 -0.579127 -6.4877 -30.1 1 
1461 -0.604339 -6.58447 -30.1 1 
1462 -0.629551 -6.68124 -30.1 1 
1463 -0.654763 -6.77801 -30.1 1 
1464 -0.679975 -6.87478 -30.1 1 
1465 -0.705187 -6.97155 -30.1 1 
1466 -0.730399 -7.06832 -30.1 1 
1467 -0.755611 -7.16509 -30.1 1 
1468 -0.755611 -7.16509 -30.2 6 
1469 -0.755611 -7.16509 -30.3 6 
1470 -0.755611 -7.16509 -30.4 6 
1471 -0.755611 -7.16509 -30.5 6 
1472 -0.755611 -7.16509 -30.6 6 
1473 -0.755611 -7.16509 -30.7 6 
1474 -0.755611 -7.16509 -30.8 6 
1475 -0.755611 -7.16509 -30.9 6 
1476 -0.755611 -7.16509 -31 6 
1477 -0.755611 -7.16509 -31.1 6 
1478 -0.755611 -7.16509 -31.2 6 
1479 -0.755611 -7.16509 -31.3 6 
1480 -0.755611 -7.16509 -31.4 6 
1481 -0.755611 -7.16509 -31.5 6 
1482 -0.755611 -7.16509 -31.6 6 
1483 -0.755611 -7.16509 -31.7 6 
1484 -0.755611 -7.16509 -31.8 6 
1485 -0.755611 -7.16509 -31.9 6 
1486 -0.755611 -7.16509 -32 6 
1487 -0.755611 -7.16509 -32.1 6 
1488 -0.755611 -7.16509 -32.2 6 
1489 -0.755611 -7.16509 -32.3 6 
1490 -0.755611 -7.16509 -32.4 6 
1491 -0.755611 -7.16509 -32.5 6 
1492 -0.755611 -7.16509 -32.6 6 
1493 -0.755611 -7.16509 -32.7 6 
1494 -0.755611 -7.16509 -32.8 6 
1495 -0.774175 -7.06683 -32.8 1 
1496 -0.792739 -6.96856 -32.8 1 
1497 -0.811303 -6.8703 -32.8 1 
1498 -0.829867 -6.77204 -32.8 1 
1499 -0.848431 -6.67378 -32.8 1 
1500 -0.866994 -6.57552 -32.8 1 
1501 -0.885558 -6.47726 -32.8 1 
1502 -0.904122 -6.37899 -32.8 1 
1503 -0.922686 -6.28073 -32.8 1 
1504 -0.94125 -6.18247 -32.8 1 
1505 -0.959814 -6.08421 -32.8 1 
1506 -0.978378 -5.98595 -32.8 1 
1507 -0.996942 -5.88769 -32.8 1 
1508 -1.01551 -5.78942 -32.8 1 
1509 -1.03407 -5.69116 -32.8 1 
1510 -1.05263 -5.5929 -32.8 1 
1511 -1.0712 -5.49464 -32.8 1 
1512 -1.08976 -5.39638 -32.8 1 
1513 -1.10833 -5.29811 -32.8 1 
1514 -1.12689 -5.19985 -32.8 1 
1515 -1.14545 -5.10159 -32.8 1 
1516 -1.16402 -5.00333 -32.8 1 
1517 -1.18258 -4.90507 -32.8 1 
1518 -1.20115 -4.80681 -32.8 1 
1519 -1.21971 -4.70854 -32.8 1 
1520 -1.23827 -4.61028 -32.8 1 
1521 -1.25684 -4.51202 -32.8 1 
1522 -1.2754 -4.41376 -32.8 1 
1523 -1.29397 -4.3155 -32.8 1 
1524 -1.31253 -4.21724 -32.8 1 
1525 -1.33109 -4.11897 -32.8 1 
1526 -1.34966 -4.02071 -32.8 1 
1527 -1.34966 -4.02071 -32.9 6 
1528 -1.34966 -4.02071 -33 6 
1529 -1.34966 -4.02071 -33.1 6 
1530 -1.33835 -3.92135 -33.1 1 
1531 -1.32705 -3.82199 -33.1 1 
1532 -1.31575 -3.72263 -33.1 1 
1533 -1.30444 -3.62328 -33.1 1 
1534 -1.29314 -3.52392 -33.1 1 
1535 -1.28184 -3.42456 -33.1 1 
1536 -1.27053 -3.3252 -33.1 1 
1537 -1.25923 -3.22584 -33.1 1 
1538 -1.24793 -3.12648 -33.1 1 
1539 -1.23662 -3.02712 -33.1 1 
1540 -1.22532 -2.92776 -33.1 1 
1541 -1.21402 -2.8284 -33.1 1 
1542 -1.20271 -2.72904 -33.1 1 
1543 -1.19141 -2.62968 -33.1 1 
1544 -1.18011 -2.53032 -33.1 1 
1545 -1.1688 -2.43097 -33.1 1 
1546 -1.1575 -2.33161 -33.1 1 
1547 -1.14619 -2.23225 -33.1 1 
1548 -1.13489 -2.13289 -33.1 1 
1549 -1.12359 -2.03353 -33.1 1 
1550 -1.11228 -1.93417 -33.1 1 
1551 -1.10098 -1.83481 -33.1 1 
1552 -1.08968 -1.73545 -33.1 1 
1553 -1.07837 -1.63609 -33.1 1 
1554 -1.06707 -1.53673 -33.1 1 
1555 -1.05577 -1.43737 -33.1 1 
1556 -1.04446 -1.33802 -33.1 1 
1557 -1.03316 -1.23866 -33.1 1 
1558 -1.02186 -1.1393 -33.1 1 
1559 -1.01055 -1.03994 -33.1 1 
1560 -0.999249 -0.940579 -33.1 1 
1561 -0.987946 -0.84122 -33.1 1 
1562 -0.976642 -0.741861 -33.1 1 
1563 -0.965339 -0.642502 -33.1 1 
1564 -0.954035 -0.543143 -33.1 1 
1565 -0.942732 -0.443784 -33.1 1 
1566 -0.931428 -0.344425 -33.1 1 
1567 -0.931428 -0.344425 -33 5 
1568 -0.931428 -0.344425 -32.9 5 
1569 -0.931428 -0.344425 -32.8 5 
1570 -0.949992 -0.246163 -32.8 1 
1571 -0.968556 -0.147901 -32.8 1 
1572 -0.98712 -0.0496395 -32.8 1 
1573 -1.00568 0.0486223 -32.8 1 
1574 -1.02425 0.146884 -32.8 1 
1575 -1.04281 0.245146 -32.8 1 
1576 -1.06138 0.343408 -32.8 1 
1577 -1.07994 0.441669 -32.8 1 
1578 -1.0985 0.539931 -32.8 1 
1579 -1.11707 0.638193 -32.8 1 
1580 -1.13563 0.736455 -32.8 1 
1581 -1.1542 0.834717 -32.8 1 
1582 -1.17276 0.932978 -32.8 1 
1583 -1.17276 0.932978 -32.9 6 
1584 -1.17276 0.932978 -33 6 
1585 -1.17276 0.932978 -33.1 6 
1586 -1.17276 0.932978 -33.2 6 
1587 -1.17276 0.932978 -33.3 6 
1588 -1.17276 0.932978 -33.4 6 
1589 -1.17276 0.932978 -33.5 6 
1590 -1.17276 0.932978 -33.6 6 
1591 -1.17276 0.932978 -33.7 6 
1592 -1.17276 0.932978 -33.8 6 
1593 -1.17276 0.932978 -33.9 6 
1594 -1.17276 0.932978 -34 6 
1595 -1.17276 0.932978 -34.1 6 
1596 -1.17276 0.932978 -34.2 6 
1597 -1.17276 0.932978 -34.3 6 
1598 -1.17276 0.932978 -34.4 6 
1599 -1.17276 0.932978 -34.5 6 
1600 -1.17276 0.932978 -34.6 6 
1601 -1.07285 0.928732 -34.6 1 
1602 -0.97294 0.924485 -34.6 1 
1603 -0.87303 0.920238 -34.6 1 
1604 -0.773121 0.915991 -34.6 1 
1605 -0.673211 0.911744 -34.6 1 
1606 -0.573301 0.907498 -34.6 1 
1607 -0.473391 0.903251 -34.6 1 
1608 -0.373481 0.899004 -34.6 1 
1609 -0.273572 0.894757 -34.6 1 
1610 -0.173662 0.89051 -34.6 1 
1611 -0.0737521 0.886264 -34.6 1 
1612 0.0261577 0.882017 -34.6 1 
1613 0.126067 0.87777 -34.6 1 
1614 0.225977 0.873523 -34.6 1 
1615 0.325887 0.869276 -34.6 1 
1616 0.425797 0.86503 -34.6 1 
1617 0.525707 0.860783 -34.6 1 
1618 0.625616 0.856536 -34.6 1 
1619 0.725526 0.852289 -34.6 1 
1620 0.825436 0.848042 -34.6 1 
1621 0.925346 0.843796 -34.6 1 
1622 1.02526 0.839549 -34.6 1 
1623 1.12517 0.835302 -34.6 1 
1624 1.12941 0.935212 -34.6 3 
1625 1.0295 0.939458 -34.6 2 
1626 0.929592 0.943705 -34.6 2 
1627 0.829683 0.947952 -34.6 2 
1628 0.729773 0.952199 -34.6 2 
1629 0.629863 0.956446 -34.6 2 
1630 0.529953 0.960693 -34.6 2 
1631 0.430044 0.964939 -34.6 2 
1632 0.330134 0.969186 -34.6 2 
1633 0.230224 0.973433 -34.6 2 
1634 0.130314 0.97768 -34.6 2 
1635 0.0304045 0.981927 -34.6 2 
1636 -0.0695053 0.986173 -34.6 2 
1637 -0.169415 0.99042 -34.6 2 
1638 -0.269325 0.994667 -34.6 2 
1639 -0.369235 0.998914 -34.6 2 
1640 -0.469144 1.00316 -34.6 2 
1641 -0.569054 1.00741 -34.6 2 
1642 -0.668964 1.01165 -34.6 2 
1643 -0.768874 1.0159 -34.6 2 
1644 -0.868784 1.02015 -34.6 2 
1645 -0.968693 1.02439 -34.6 2 
1646 -1.0686 1.02864 -34.6 2 
1647 -1.16851 1.03289 -34.6 2 
1648 -1.26842 1.03714 -34.6 2 
1649 -1.36833 1.04138 -34.6 2 
1650 -1.46824 1.04563 -34.6 2 
1651 -1.56815 1.04988 -34.6 2 
1652 -1.66806 1.05412 -34.6 2 
1653 -1.76797 1.05837 -34.6 2 
1654 -1.86788 1.06262 -34.6 2 
1655 -1.96779 1.06686 -34.6 2 
1656 -2.0677 1.07111 -34.6 2 
1657 -2.16761 1.07536 -34.6 2 
1658 -2.26752 1.0796 -34.6 2 
1659 -2.36743 1.08385 -34.6 2 
1660 -2.46734 1.0881 -34.6 2 
1661 -2.56725 1.09234 -34.6 2 
1662 -2.66716 1.09659 -34.6 2 
1663 -2.76707 1.10084 -34.6 2 
1664 -2.86698 1.10508 -34.6 2 
1665 -2.96689 1.10933 -34.6 2 
1666 -3.0668 1.11358 -34.6 2 
1667 -3.16671 1.11782 -34.6 2 
1668 -3.26662 1.12207 -34.6 2 
1669 -3.26662 1.12207 -34.5 5 
1670 -3.26662 1.12207 -34.4 5 
1671 -3.26662 1.12207 -34.3 5 
1672 -3.26662 1.12207 -34.2 5 
1673 -3.26662 1.12207 -34.1 5 
1674 -3.26662 1.12207 -34 5 
1675 -3.26662 1.12207 -33.9 5 
1676 -3.26662 1.12207 -33.8 5 
1677 -3.26662 1.12207 -33.7 5 
1678 -3.26662 1.12207 -33.6 5 
1679 -3.26662 1.12207 -33.5 5 
1680 -3.26662 1.12207 -33.4 5 
1681 -3.26662 1.12207 -33.3 5 
1682 -3.26662 1.12207 -33.2 5 
1683 -3.26662 1.12207 -33.1 5 
1684 -3.26662 1.12207 -33 5 
1685 -3.26662 1.12207 -32.9 5 
1686 -3.26662 1.12207 -32.8 5 
1687 -3.26662 1.12207 -32.7 5 
1688 -3.26662 1.12207 -32.6 5 
1689 -3.26662 1.12207 -32.5 5 
1690 -3.26662 1.12207 -32.4 5 
1691 -3.26662 1.12207 -32.3 5 
1692 -3.26662 1.12207 -32.2 5 
1693 -3.26662 1.12207 -32.1 5 
1694 -3.26662 1.12207 -32 5 
1695 -3.26662 1.12207 -31.9 5 
1696 -3.26662 1.12207 -31.8 5 
1697 -3.26662 1.12207 -31.7 5 
1698 -3.36261 1.1501 -31.7 1 
1699 -3.26662 1.12207 -31.7 2 
1700 -3.17063 1.09404 -31.7 2 
1701 -3.07463 1.06602 -31.7 2 
1702 -2.97864 1.03799 -31.7 2 
1703 -2.88265 1.00996 -31.7 2 
1704 -2.78666 0.981937 -31.7 2 
1705 -2.69067 0.95391 -31.7 2 
1706 -2.59467 0.925883 -31.7 2 
1707 -2.69067 0.95391 -31.7 1 
1708 -2.71869 0.857918 -31.7 3 
1709 -2.69067 0.95391 -31.7 4 
1710 -2.66264 1.0499 -31.7 4 
1711 -2.66264 1.0499 -31.6 5 
1712 -2.66264 1.0499 -31.5 5 
1713 -2.66264 1.0499 -31.4 5 
1714 -2.76263 1.04831 -31.4 1 
1715 -2.86261 1.04672 -31.4 1 
1716 -2.9626 1.04512 -31.4 1 
1717 -3.06259 1.04353 -31.4 1 
1718 -3.16258 1.04194 -31.4 1 
1719 -3.26256 1.04035 -31.4 1 
1720 -3.36255 1.03875 -31.4 1 
1721 -3.46254 1.03716 -31.4 1 
1722 -3.56252 1.03557 -31.4 1 
1723 -3.66251 1.03398 -31.4 1 
1724 -3.7625 1.03238 -31.4 1 
1725 -3.86249 1.03079 -31.4 1 
1726 -3.96247 1.0292 -31.4 1 
1727 -4.06246 1.02761 -31.4 1 
1728 -4.16245 1.02601 -31.4 1 
1729 -4.26244 1.02442 -31.4 1 
1730 -4.36242 1.02283 -31.4 1 
1731 -4.46241 1.02124 -31.4 1 
1732 -4.5624 1.01964 -31.4 1 
1733 -4.66238 1.01805 -31.4 1 
1734 -4.76237 1.01646 -31.4 1 
1735 -4.86236 1.01487 -31.4 1 
1736 -4.96235 1.01327 -31.4 1 
1737 -5.06233 1.01168 -31.4 1 
1738 -5.16232 1.01009 -31.4 1 
1739 -5.26231 1.0085 -31.4 1 
1740 -5.3623 1.0069 -31.4 1 
1741 -5.46228 1.00531 -31.4 1 
1742 -5.56227 1.00372 -31.4 1 
1743 -5.66226 1.00212 -31.4 1 
1744 -5.76225 1.00053 -31.4 1 
1745 -5.86223 0.99894 -31.4 1 
1746 -5.96222 0.997347 -31.4 1 
1747 -6.06221 0.995754 -31.4 1 
1748 -6.16219 0.994162 -31.4 1 
1749 -6.26218 0.992569 -31.4 1 
1750 -6.36217 0.990977 -31.4 1 
1751 -6.46216 0.989384 -31.4 1 
1752 -6.56214 0.987791 -31.4 1 
1753 -6.66213 0.986199 -31.4 1 
1754 -6.76212 0.984606 -31.4 1 
1755 -6.86211 0.983014 -31.4 1 
1756 -6.96209 0.981421 -31.4 1 
1757 -7.06208 0.979829 -31.4 1 
1758 -7.16207 0.978236 -31.4 1 
1759 -7.26205 0.976643 -31.4 1 
1760 -7.36204 0.975051 -31.4 1 
1761 -7.46203 0.973458 -31.4 1 
1762 -7.56202 0.971866 -31.4 1 
1763 -7.662 0.970273 -31.4 1 
1764 -7.76199 0.96868 -31.4 1 
1765 -7.86198 0.967088 -31.4 1 
1766 -7.96197 0.965495 -31.4 1 
1767 -8.06195 0.963903 -31.4 1 
1768 -8.16194 0.96231 -31.4 1 
1769 -8.26193 0.960717 -31.4 1 
1770 -8.36192 0.959125 -31.4 1 
1771 -8.36192 0.959125 -31.3 5 
1772 -8.36192 0.959125 -31.2 5 
1773 -8.36192 0.959125 -31.1 5 
1774 -8.36192 0.959125 -31 5 
1775 -8.36192 0.959125 -30.9 5 
1776 -8.36192 0.959125 -30.8 5 
1777 -8.36192 0.959125 -30.7 5 
1778 -8.36192 0.959125 -30.6 5 
1779 -8.36192 0.959125 -30.5 5 
1780 -8.36192 0.959125 -30.4 5 
1781 -8.36192 0.959125 -30.3 5 
1782 -8.36192 0.959125 -30.2 5 
1783 -8.36192 0.959125 -30.1 5 
1784 -8.38713 0.862355 -30.1 1 
1785 -8.41234 0.765586 -30.1 1 
1786 -8.43755 0.668816 -30.1 1 
1787 -8.46276 0.572046 -30.1 1 
1788 -8.48798 0.475277 -30.1 1 
1789 -8.51319 0.378507 -30.1 1 
1790 -8.5384 0.281738 -30.1 1 
1791 -8.56361 0.184968 -30.1 1 
1792 -8.58882 0.0881984 -30.1 1 
1793 -8.61403 -0.00857121 -30.1 1 
1794 -8.63925 -0.105341 -30.1 1 
1795 -8.66446 -0.20211 -30.1 1 
1796 -8.68967 -0.29888 -30.1 1 
1797 -8.71488 -0.39565 -30.1 1 
1798 -8.7401 -0.492419 -30.1 1 
1799 -8.76531 -0.589189 -30.1 1 
1800 -8.79052 -0.685959 -30.1 1 
1801 -8.81573 -0.782728 -30.1 1 
1802 -8.84094 -0.879498 -30.1 1 
1803 -8.86615 -0.976267 -30.1 1 
1804 -8.89137 -1.07304 -30.1 1 
1805 -8.91658 -1.16981 -30.1 1 
1806 -8.94179 -1.26658 -30.1 1 
1807 -8.967 -1.36335 -30.1 1 
1808 -8.99221 -1.46012 -30.1 1 
1809 -9.01743 -1.55689 -30.1 1 
1810 -9.04264 -1.65365 -30.1 1 
1811 -9.04264 -1.65365 -30.2 6 
1812 -9.04264 -1.65365 -30.3 6 
1813 -9.04264 -1.65365 -30.4 6 
1814 -9.04264 -1.65365 -30.5 6 
1815 -9.04264 -1.65365 -30.6 6 
1816 -9.04264 -1.65365 -30.7 6 
1817 -9.04264 -1.65365 -30.8 6 
1818 -9.04264 -1.65365 -30.9 6 
1819 -9.04264 -1.65365 -31 6 
1820 -9.04264 -1.65365 -31.1 6 
1821 -9.04264 -1.65365 -31.2 6 
1822 -9.04264 -1.65365 -31.3 6 
1823 -9.04264 -1.65365 -31.4 6 
1824 -9.04264 -1.65365 -31.5 6 
1825 -9.04264 -1.65365 -31.6 6 
1826 -9.04264 -1.65365 -31.7 6 
1827 -9.04264 -1.65365 -31.8 6 
1828 -9.04264 -1.65365 -31.9 6 
1829 -9.04264 -1.65365 -32 6 
1830 -9.04264 -1.65365 -32.1 6 
1831 -9.04264 -1.65365 -32.2 6 
1832 -9.04264 -1.65365 -32.3 6 
1833 -9.04264 -1.65365 -32.4 6 
1834 -9.04264 -1.65365 -32.5 6 
1835 -9.04264 -1.65365 -32.6 6 
1836 -9.04264 -1.65365 -32.7 6 
1837 -9.04264 -1.65365 -32.8 6 
1838 -9.04264 -1.65365 -32.9 6 
1839 -9.04264 -1.65365 -33 6 
1840 -9.04264 -1.65365 -33.1 6 
1841 -9.04264 -1.65365 -33.2 6 
1842 -9.04264 -1.65365 -33.3 6 
1843 -9.04264 -1.65365 -33.4 6 
1844 -9.04264 -1.65365 -33.5 6 
1845 -9.04264 -1.65365 -33.6 6 
1846 -9.04264 -1.65365 -33.7 6 
1847 -9.04264 -1.65365 -33.8 6 
1848 -9.04264 -1.65365 -33.9 6 
1849 -9.04264 -1.65365 -34 6 
1850 -9.04264 -1.65365 -34.1 6 
1851 -9.04264 -1.65365 -34.2 6 
1852 -9.04264 -1.65365 -34.3 6 
1853 -9.04264 -1.65365 -34.4 6 
1854 -9.04264 -1.65365 -34.5 6 
1855 -9.04264 -1.65365 -34.6 6 
1856 -8.94273 -1.6579 -34.6 1 
1857 -8.84282 -1.66215 -34.6 1 
1858 -8.74291 -1.6664 -34.6 1 
1859 -8.643 -1.67064 -34.6 1 
1860 -8.54309 -1.67489 -34.6 1 
1861 -8.44318 -1.67914 -34.6 1 
1862 -8.34327 -1.68338 -34.6 1 
1863 -8.24336 -1.68763 -34.6 1 
1864 -8.14345 -1.69188 -34.6 1 
1865 -8.04354 -1.69612 -34.6 1 
1866 -7.94363 -1.70037 -34.6 1 
1867 -7.84372 -1.70462 -34.6 1 
1868 -7.74381 -1.70886 -34.6 1 
1869 -7.6439 -1.71311 -34.6 1 
1870 -7.54399 -1.71736 -34.6 1 
1871 -7.44408 -1.7216 -34.6 1 
1872 -7.34417 -1.72585 -34.6 1 
1873 -7.34417 -1.72585 -34.7 6 
1874 -7.34417 -1.72585 -34.6 5 
1875 -7.34417 -1.72585 -34.5 5 
1876 -7.34417 -1.72585 -34.4 5 
1877 -7.34417 -1.72585 -34.3 5 
1878 -7.34417 -1.72585 -34.2 5 
1879 -7.34417 -1.72585 -34.1 5 
1880 -7.34417 -1.72585 -34 5 
1881 -7.34417 -1.72585 -33.9 5 
1882 -7.34417 -1.72585 -33.8 5 
1883 -7.34417 -1.72585 -33.7 5 
1884 -7.34417 -1.72585 -33.6 5 
1885 -7.34417 -1.72585 -33.5 5 
1886 -7.34417 -1.72585 -33.4 5 
1887 -7.34417 -1.72585 -33.3 5 
1888 -7.34417 -1.72585 -33.2 5 
1889 -7.34417 -1.72585 -33.1 5 
1890 -7.34417 -1.72585 -33 5 
1891 -7.34417 -1.72585 -32.9 5 
1892 -7.34417 -1.72585 -32.8 5 
1893 -7.34417 -1.72585 -32.7 5 
1894 -7.34417 -1.72585 -32.6 5 
1895 -7.34417 -1.72585 -32.5 5 
1896 -7.34417 -1.72585 -32.4 5 
1897 -7.34417 -1.72585 -32.3 5 
1898 -7.34417 -1.72585 -32.2 5 
1899 -7.34417 -1.72585 -32.1 5 
1900 -7.34417 -1.72585 -32 5 
1901 -7.34417 -1.72585 -31.9 5 
1902 -7.34417 -1.72585 -31.8 5 
1903 -7.34417 -1.72585 -31.7 5 
1904 -7.34417 -1.72585 -31.6 5 
1905 -7.34417 -1.72585 -31.5 5 
1906 -7.34417 -1.72585 -31.4 5 
1907 -7.34417 -1.72585 -31.3 5 
1908 -7.34417 -1.72585 -31.2 5 
1909 -7.34417 -1.72585 -31.1 5 
1910 -7.34417 -1.72585 -31 5 
1911 -7.34417 -1.72585 -30.9 5 
1912 -7.34417 -1.72585 -30.8 5 
1913 -7.34417 -1.72585 -30.7 5 
1914 -7.34417 -1.72585 -30.6 5 
1915 -7.34417 -1.72585 -30.5 5 
1916 -7.34417 -1.72585 -30.4 5 
1917 -7.34417 -1.72585 -30.3 5 
1918 -7.34417 -1.72585 -30.2 5 
1919 -7.34417 -1.72585 -30.1 5 
1920 -7.34417 -1.72585 -30 5 
1921 -7.3596 -1.82465 -30 1 
1922 -7.37502 -1.92346 -30 1 
1923 -7.39045 -2.02226 -30 1 
1924 -7.40587 -2.12106 -30 1 
1925 -7.40587 -2.12106 -29.9 5 
1926 -7.40587 -2.12106 -29.8 5 
1927 -7.40587 -2.12106 -29.7 5 
1928 -7.40587 -2.12106 -29.6 5 
1929 -7.3816 -2.21807 -29.6 1 
1930 -7.35734 -2.31508 -29.6 1 
1931 -7.33307 -2.41209 -29.6 1 
1932 -7.3088 -2.50911 -29.6 1 
1933 -7.28453 -2.60612 -29.6 1 
1934 -7.26026 -2.70313 -29.6 1 
1935 -7.23599 -2.80014 -29.6 1 
1936 -7.21173 -2.89715 -29.6 1 
1937 -7.18746 -2.99416 -29.6 1 
1938 -7.16319 -3.09117 -29.6 1 
1939 -7.13892 -3.18818 -29.6 1 
1940 -7.11465 -3.28519 -29.6 1 
1941 -7.09038 -3.3822 -29.6 1 
1942 -7.06612 -3.47921 -29.6 1 
1943 -7.04185 -3.57622 -29.6 1 
1944 -7.01758 -3.67323 -29.6 1 
1945 -6.99331 -3.77024 -29.6 1 
1946 -6.96904 -3.86725 -29.6 1 
1947 -6.94478 -3.96426 -29.6 1 
1948 -6.92051 -4.06127 -29.6 1 
1949 -6.89624 -4.15829 -29.6 1 
1950 -6.87197 -4.2553 -29.6 1 
1951 -6.8477 -4.35231 -29.6 1 
1952 -6.82343 -4.44932 -29.6 1 
1953 -6.79917 -4.54633 -29.6 1 
1954 -6.7749 -4.64334 -29.6 1 
1955 -6.75063 -4.74035 -29.6 1 
1956 -6.75063 -4.74035 -29.5 5 
1957 -6.75063 -4.74035 -29.4 5 
1958 -6.75063 -4.74035 -29.3 5 
1959 -6.75063 -4.74035 -29.2 5 
1960 -6.75063 -4.74035 -29.1 5 
1961 -6.75063 -4.74035 -29 5 
1962 -6.82543 -4.67399 -29 2 
1963 -6.90024 -4.60762 -29 2 
1964 -6.97505 -4.54126 -29 2 
1965 -7.04985 -4.4749 -29 2 
1966 -7.12466 -4.40853 -29 2 
1967 -7.19946 -4.34217 -29 2 
1968 -7.27427 -4.2758 -29 2 
1969 -7.27427 -4.2758 -29.1 6 
1970 -7.27427 -4.2758 -29.2 6 
1971 -7.27427 -4.2758 -29.3 6 
1972 -7.27427 -4.2758 -29.4 6 
1973 -7.27427 -4.2758 -29.5 6 
1974 -7.27427 -4.2758 -29.6 6 
1975 -7.27427 -4.2758 -29.7 6 
1976 -7.27427 -4.2758 -29.8 6 
1977 -7.27427 -4.2758 -29.9 6 
1978 -7.27427 -4.2758 -30 6 
1979 -7.27427 -4.2758 -30.1 6 
1980 -7.27427 -4.2758 -30.2 6 
1981 -7.30902 -4.36957 -30.2 1 
1982 -7.34376 -4.46334 -30.2 1 
1983 -7.34376 -4.46334 -30.1 5 
1984 -7.34376 -4.46334 -30 5 
1985 -7.34376 -4.46334 -29.9 5 
1986 -7.34376 -4.46334 -29.8 5 
1987 -7.33925 -4.56324 -29.8 1 
1988 -7.33474 -4.66314 -29.8 1 
1989 -7.33023 -4.76304 -29.8 1 
1990 -7.32572 -4.86294 -29.8 1 
1991 -7.32121 -4.96283 -29.8 1 
1992 -7.31669 -5.06273 -29.8 1 
1993 -7.31218 -5.16263 -29.8 1 
1994 -7.30767 -5.26253 -29.8 1 
1995 -7.30316 -5.36243 -29.8 1 
1996 -7.29865 -5.46233 -29.8 1 
1997 -7.29414 -5.56222 -29.8 1 
1998 -7.28963 -5.66212 -29.8 1 
1999 -7.28511 -5.76202 -29.8 1 
2000 -7.2806 -5.86192 -29.8 1 
2001 -7.27609 -5.96182 -29.8 1 
2002 -7.27158 -6.06171 -29.8 1 
2003 -7.26707 -6.16161 -29.8 1 
2004 -7.26256 -6.26151 -29.8 1 
2005 -7.25804 -6.36141 -29.8 1 
2006 -7.25353 -6.46131 -29.8 1 
2007 -7.24902 -6.5612 -29.8 1 
2008 -7.24451 -6.6611 -29.8 1 
2009 -7.24 -6.761 -29.8 1 
2010 -7.23549 -6.8609 -29.8 1 
2011 -7.23098 -6.9608 -29.8 1 
2012 -7.22646 -7.0607 -29.8 1 
2013 -7.22195 -7.16059 -29.8 1 
2014 -7.21744 -7.26049 -29.8 1 
2015 -7.21293 -7.36039 -29.8 1 
2016 -7.20842 -7.46029 -29.8 1 
2017 -7.20391 -7.56019 -29.8 1 
2018 -7.1994 -7.66008 -29.8 1 
2019 -7.19488 -7.75998 -29.8 1 
2020 -7.19037 -7.85988 -29.8 1 
2021 -7.18586 -7.95978 -29.8 1 
2022 -7.18135 -8.05968 -29.8 1 
2023 -7.17684 -8.15958 -29.8 1 
2024 -7.17233 -8.25947 -29.8 1 
2025 -7.16782 -8.35937 -29.8 1 
2026 -7.1633 -8.45927 -29.8 1 
2027 -7.15879 -8.55917 -29.8 1 
2028 -7.15428 -8.65907 -29.8 1 
2029 -7.14977 -8.75896 -29.8 1 
2030 -7.14526 -8.85886 -29.8 1 
2031 -7.14075 -8.95876 -29.8 1 
2032 -7.04085 -8.95425 -29.8 3 
2033 -6.94095 -8.94974 -29.8 3 
2034 -6.84105 -8.94523 -29.8 3 
2035 -6.74115 -8.94071 -29.8 3 
2036 -6.64126 -8.9362 -29.8 3 
2037 -6.54136 -8.93169 -29.8 3 
2038 -6.44146 -8.92718 -29.8 3 
2039 -6.34156 -8.92267 -29.8 3 
2040 -6.24166 -8.91816 -29.8 3 
2041 -6.14176 -8.91365 -29.8 3 
2042 -6.04187 -8.90913 -29.8 3 
2043 -5.94197 -8.90462 -29.8 3 
2044 -5.84207 -8.90011 -29.8 3 
2045 -5.74217 -8.8956 -29.8 3 
2046 -5.64227 -8.89109 -29.8 3 
2047 -5.54238 -8.88658 -29.8 3 
2048 -5.44248 -8.88207 -29.8 3 
2049 -5.34258 -8.87755 -29.8 3 
2050 -5.24268 -8.87304 -29.8 3 
2051 -5.14278 -8.86853 -29.8 3 
2052 -5.04288 -8.86402 -29.8 3 
2053 -4.94299 -8.85951 -29.8 3 
2054 -4.84309 -8.855 -29.8 3 
2055 -4.74319 -8.85049 -29.8 3 
2056 -4.74319 -8.85049 -29.7 5 
2057 -4.74319 -8.85049 -29.6 5 
2058 -4.74319 -8.85049 -29.5 5 
2059 -4.74319 -8.85049 -29.4 5 
2060 -4.74319 -8.85049 -29.3 5 
2061 -4.74319 -8.85049 -29.2 5 
2062 -4.74319 -8.85049 -29.1 5 
2063 -4.74319 -8.85049 -29 5 
2064 -4.74319 -8.85049 -28.9 5 
2065 -4.74319 -8.85049 -28.8 5 
2066 -4.74319 -8.85049 -28.7 5 
2067 -4.74319 -8.85049 -28.6 5 
2068 -4.77518 -8.94523 -28.6 4 
2069 -4.80718 -9.03997 -28.6 4 
2070 -4.83917 -9.13472 -28.6 4 
2071 -4.87117 -9.22946 -28.6 4 
2072 -4.83917 -9.13472 -28.6 3 
2073 -4.80718 -9.03997 -28.6 3 
2074 -4.77518 -8.94523 -28.6 3 
2075 -4.74319 -8.85049 -28.6 3 
2076 -4.7112 -8.75574 -28.6 3 
2077 -4.6792 -8.661 -28.6 3 
2078 -4.64721 -8.56625 -28.6 3 
2079 -4.61521 -8.47151 -28.6 3 
2080 -4.58322 -8.37677 -28.6 3 
2081 -4.55123 -8.28202 -28.6 3 
2082 -4.64597 -8.25003 -28.6 2 
2083 -4.74071 -8.21803 -28.6 2 
2084 -4.83546 -8.18604 -28.6 2 
2085 -4.9302 -8.15405 -28.6 2 
2086 -5.02494 -8.12205 -28.6 2 
2087 -5.11969 -8.09006 -28.6 2 
2088 -5.21443 -8.05806 -28.6 2 
2089 -5.30918 -8.02607 -28.6 2 
2090 -5.40392 -7.99408 -28.6 2 
2091 -5.49866 -7.96208 -28.6 2 
2092 -5.59341 -7.93009 -28.6 2 
2093 -5.68815 -7.89809 -28.6 2 
2094 -5.7829 -7.8661 -28.6 2 
2095 -5.87764 -7.83411 -28.6 2 
2096 -5.97238 -7.80211 -28.6 2 
2097 -6.06713 -7.77012 -28.6 2 
2098 -6.16187 -7.73812 -28.6 2 
2099 -6.25661 -7.70613 -28.6 2 
2100 -6.35136 -7.67414 -28.6 2 
2101 -6.4461 -7.64214 -28.6 2 
2102 -6.54085 -7.61015 -28.6 2 
2103 -6.63559 -7.57816 -28.6 2 
2104 -6.73033 -7.54616 -28.6 2 
2105 -6.82508 -7.51417 -28.6 2 
2106 -6.91982 -7.48217 -28.6 2 
2107 -7.01456 -7.45018 -28.6 2 
2108 -7.10931 -7.41818 -28.6 2 
2109 -7.20405 -7.38619 -28.6 2 
2110 -7.2988 -7.3542 -28.6 2 
2111 -7.39354 -7.3222 -28.6 2 
2112 -7.48828 -7.29021 -28.6 2 
2113 -7.58303 -7.25821 -28.6 2 
2114 -7.67777 -7.22622 -28.6 2 
2115 -7.77251 -7.19423 -28.6 2 
2116 -7.86726 -7.16223 -28.6 2 
2117 -7.962 -7.13024 -28.6 2 
2118 -8.05675 -7.09825 -28.6 2 
2119 -8.15149 -7.06625 -28.6 2 
2120 -8.24623 -7.03426 -28.6 2 
2121 -8.34098 -7.00226 -28.6 2 
2122 -8.43572 -6.97027 -28.6 2 
2123 -8.53046 -6.93827 -28.6 2 
2124 -8.62521 -6.90628 -28.6 2 
2125 -8.71995 -6.87429 -28.6 2 
2126 -8.8147 -6.84229 -28.6 2 
2127 -8.90944 -6.8103 -28.6 2 
2128 -9.00418 -6.77831 -28.6 2 
2129 -9.09893 -6.74631 -28.6 2 
2130 -9.19367 -6.71432 -28.6 2 
2131 -9.28841 -6.68232 -28.6 2 
2132 -9.38316 -6.65033 -28.6 2 
2133 -9.4779 -6.61833 -28.6 2 
2134 -9.57265 -6.58634 -28.6 2 
2135 -9.66739 -6.55435 -28.6 2 
2136 -9.76213 -6.52235 -28.6 2 
2137 -9.76213 -6.52235 -28.5 5 
2138 -9.76213 -6.52235 -28.4 5 
2139 -9.76213 -6.52235 -28.3 5 
2140 -9.76213 -6.52235 -28.2 5 
2141 -9.76213 -6.52235 -28.1 5 
2142 -9.76213 -6.52235 -28 5 
2143 -9.76213 -6.52235 -27.9 5 
2144 -9.76213 -6.52235 -27.8 5 
2145 -9.76213 -6.52235 -27.7 5 
2146 -9.76213 -6.52235 -27.6 5 
2147 -9.76213 -6.52235 -27.5 5 
2148 -9.76213 -6.52235 -27.4 5 
2149 -9.76213 -6.52235 -27.3 5 
2150 -9.76213 -6.52235 -27.2 5 
2151 -9.76213 -6.52235 -27.1 5 
2152 -9.76213 -6.52235 -27 5 
2153 -9.76213 -6.52235 -26.9 5 
2154 -9.76213 -6.52235 -26.8 5 
2155 -9.7525 -6.42282 -26.8 1 
2156 -9.74287 -6.32328 -26.8 1 
2157 -9.73324 -6.22375 -26.8 1 
2158 -9.72361 -6.12421 -26.8 1 
2159 -9.71398 -6.02468 -26.8 1 
2160 -9.70435 -5.92514 -26.8 1 
2161 -9.69471 -5.82561 -26.8 1 
2162 -9.68508 -5.72607 -26.8 1 
2163 -9.67545 -5.62654 -26.8 1 
2164 -9.66582 -5.527 -26.8 1 
2165 -9.65619 -5.42747 -26.8 1 
2166 -9.75572 -5.41784 -26.8 3 
2167 -9.74609 -5.3183 -26.8 1 
2168 -9.73646 -5.21877 -26.8 1 
2169 -9.72683 -5.11923 -26.8 1 
2170 -9.7172 -5.01969 -26.8 1 
2171 -9.70757 -4.92016 -26.8 1 
2172 -9.69794 -4.82062 -26.8 1 
2173 -9.68831 -4.72109 -26.8 1 
2174 -9.67867 -4.62155 -26.8 1 
2175 -9.66904 -4.52202 -26.8 1 
2176 -9.65941 -4.42248 -26.8 1 
2177 -9.64978 -4.32295 -26.8 1 
2178 -9.64015 -4.22341 -26.8 1 
2179 -9.63052 -4.12388 -26.8 1 
2180 -9.62089 -4.02434 -26.8 1 
2181 -9.61126 -3.92481 -26.8 1 
2182 -9.60162 -3.82527 -26.8 1 
2183 -9.59199 -3.72574 -26.8 1 
2184 -9.58236 -3.6262 -26.8 1 
2185 -9.57273 -3.52667 -26.8 1 
2186 -9.5631 -3.42713 -26.8 1 
2187 -9.55347 -3.3276 -26.8 1 
2188 -9.55347 -3.3276 -26.9 6 
2189 -9.55347 -3.3276 -27 6 
2190 -9.55347 -3.3276 -27.1 6 
2191 -9.55347 -3.3276 -27.2 6 
2192 -9.55347 -3.3276 -27.3 6 
2193 -9.55347 -3.3276 -27.4 6 
2194 -9.55347 -3.3276 -27.5 6 
2195 -9.55347 -3.3276 -27.6 6 
2196 -9.55347 -3.3276 -27.7 6 
2197 -9.55347 -3.3276 -27.8 6 
2198 -9.55347 -3.3276 -27.9 6 
2199 -9.55347 -3.3276 -28 6 
2200 -9.55347 -3.3276 -28.1 6 
2201 -9.55347 -3.3276 -28.2 6 
2202 -9.55347 -3.3276 -28.3 6 
2203 -9.55347 -3.3276 -28.4 6 
2204 -9.55347 -3.3276 -28.5 6 
2205 -9.55347 -3.3276 -28.6 6 
2206 -9.55347 -3.3276 -28.7 6 
2207 -9.55347 -3.3276 -28.8 6 
2208 -9.55347 -3.3276 -28.9 6 
2209 -9.55347 -3.3276 -29 6 
2210 -9.55347 -3.3276 -29.1 6 
2211 -9.55347 -3.3276 -29.2 6 
2212 -9.55347 -3.3276 -29.3 6 
2213 -9.55347 -3.3276 -29.4 6 
2214 -9.55347 -3.3276 -29.5 6 
2215 -9.55347 -3.3276 -29.6 6 
2216 -9.55347 -3.3276 -29.7 6 
2217 -9.55347 -3.3276 -29.8 6 
2218 -9.55347 -3.3276 -29.9 6 
2219 -9.55347 -3.3276 -30 6 
2220 -9.55347 -3.3276 -30.1 6 
2221 -9.55347 -3.3276 -30.2 6 
2222 -9.55347 -3.3276 -30.3 6 
2223 -9.55347 -3.3276 -30.4 6 
2224 -9.55347 -3.3276 -30.5 6 
2225 -9.55347 -3.3276 -30.6 6 
2226 -9.55347 -3.3276 -30.7 6 
2227 -9.55347 -3.3276 -30.8 6 
2228 -9.55347 -3.3276 -30.9 6 
2229 -9.55347 -3.3276 -31 6 
2230 -9.55347 -3.3276 -31.1 6 
2231 -9.55347 -3.3276 -31.2 6 
2232 -9.55347 -3.3276 -31.3 6 
2233 -9.55347 -3.3276 -31.4 6 
2234 -9.55347 -3.3276 -31.5 6 
2235 -9.55347 -3.3276 -31.6 6 
2236 -9.55347 -3.3276 -31.7 6 
2237 -9.55347 -3.3276 -31.8 6 
2238 -9.55347 -3.3276 -31.9 6 
2239 -9.55347 -3.3276 -32 6 
2240 -9.55347 -3.3276 -32.1 6 
2241 -9.55347 -3.3276 -32.2 6 
2242 -9.55347 -3.3276 -32.3 6 
2243 -9.55347 -3.3276 -32.4 6 
2244 -9.55347 -3.3276 -32.5 6 
2245 -9.55347 -3.3276 -32.6 6 
2246 -9.55347 -3.3276 -32.7 6 
2247 -9.55347 -3.3276 -32.8 6 
2248 -9.55347 -3.3276 -32.9 6 
2249 -9.55347 -3.3276 -33 6 
2250 -9.55347 -3.3276 -33.1 6 
2251 -9.55347 -3.3276 -33.2 6 
2252 -9.57463 -3.42533 -33.2 2 
2253 -9.5958 -3.52307 -33.2 2 
2254 -9.61697 -3.6208 -33.2 2 
2255 -9.63813 -3.71854 -33.2 2 
2256 -9.63813 -3.71854 -33.3 6 
2257 -9.63813 -3.71854 -33.4 6 
2258 -9.63813 -3.71854 -33.5 6 
2259 -9.63813 -3.71854 -33.6 6 
2260 -9.63813 -3.71854 -33.7 6 
2261 -9.63813 -3.71854 -33.8 6 
2262 -9.63813 -3.71854 -33.9 6 
2263 -9.63813 -3.71854 -34 6 
2264 -9.63813 -3.71854 -34.1 6 
2265 -9.63813 -3.71854 -34.2 6 
2266 -9.63813 -3.71854 -34.3 6 
2267 -9.63813 -3.71854 -34.4 6 
2268 -9.63813 -3.71854 -34.5 6 
2269 -9.63813 -3.71854 -34.6 6 
2270 -9.63813 -3.71854 -34.7 6 
2271 -9.63813 -3.71854 -34.8 6 
2272 -9.63813 -3.71854 -34.9 6 
2273 -9.60455 -3.62434 -34.9 3 
2274 -9.57097 -3.53015 -34.9 3 
2275 -9.60455 -3.62434 -34.9 4 
2276 -9.63813 -3.71854 -34.9 4 
2277 -9.67172 -3.81273 -34.9 4 
2278 -9.7053 -3.90692 -34.9 4 
2279 -9.73888 -4.00111 -34.9 4 
2280 -9.77246 -4.0953 -34.9 4 
2281 -9.80605 -4.1895 -34.9 4 
2282 -9.83963 -4.28369 -34.9 4 
2283 -9.87321 -4.37788 -34.9 4 
2284 -9.90679 -4.47207 -34.9 4 
2285 -9.8126 -4.50566 -34.9 1 
2286 -9.71841 -4.53924 -34.9 1 
2287 -9.75199 -4.63343 -34.9 4 
2288 -9.78557 -4.72762 -34.9 4 
2289 -9.81916 -4.82182 -34.9 4 
2290 -9.85274 -4.91601 -34.9 4 
2291 -9.88632 -5.0102 -34.9 4 
2292 -9.9199 -5.10439 -34.9 4 
2293 -9.95349 -5.19859 -34.9 4 
2294 -9.85929 -5.23217 -34.9 1 
2295 -9.7651 -5.26575 -34.9 1 
2296 -9.67091 -5.29933 -34.9 1 
2297 -9.57672 -5.33292 -34.9 1 
2298 -9.48252 -5.3665 -34.9 1 
2299 -9.38833 -5.40008 -34.9 1 
2300 -9.29414 -5.43366 -34.9 1 
2301 -9.19995 -5.46725 -34.9 1 
2302 -9.10575 -5.50083 -34.9 1 
2303 -9.01156 -5.53441 -34.9 1 
2304 -8.91737 -5.56799 -34.9 1 
2305 -8.82318 -5.60158 -34.9 1 
2306 -8.72898 -5.63516 -34.9 1 
2307 -8.63479 -5.66874 -34.9 1 
2308 -8.5406 -5.70232 -34.9 1 
2309 -8.44641 -5.73591 -34.9 1 
2310 -8.35221 -5.76949 -34.9 1 
2311 -8.25802 -5.80307 -34.9 1 
2312 -8.16383 -5.83665 -34.9 1 
2313 -8.06964 -5.87024 -34.9 1 
2314 -7.97544 -5.90382 -34.9 1 
2315 -7.88125 -5.9374 -34.9 1 
2316 -7.78706 -5.97098 -34.9 1 
2317 -7.69287 -6.00457 -34.9 1 
2318 -7.59867 -6.03815 -34.9 1 
2319 -7.50448 -6.07173 -34.9 1 
2320 -7.41029 -6.10531 -34.9 1 
2321 -7.3161 -6.1389 -34.9 1 
2322 -7.2219 -6.17248 -34.9 1 
2323 -7.12771 -6.20606 -34.9 1 
2324 -7.03352 -6.23964 -34.9 1 
2325 -7.03352 -6.23964 -34.8 5 
2326 -7.03352 -6.23964 -34.7 5 
2327 -7.03352 -6.23964 -34.6 5 
2328 -7.03352 -6.23964 -34.5 5 
2329 -7.03352 -6.23964 -34.4 5 
2330 -7.03352 -6.23964 -34.3 5 
2331 -7.03352 -6.23964 -34.2 5 
2332 -7.03352 -6.23964 -34.1 5 
2333 -7.03352 -6.23964 -34 5 
2334 -7.03352 -6.23964 -33.9 5 
2335 -7.03352 -6.23964 -33.8 5 
2336 -7.03352 -6.23964 -33.7 5 
2337 -7.03352 -6.23964 -33.6 5 
2338 -7.03352 -6.23964 -33.5 5 
2339 -7.03352 -6.23964 -33.4 5 
2340 -7.03352 -6.23964 -33.3 5 
2341 -7.03352 -6.23964 -33.2 5 
2342 -7.01235 -6.14191 -33.2 1 
2343 -6.99119 -6.04418 -33.2 1 
2344 -6.97002 -5.94644 -33.2 1 
2345 -6.94885 -5.84871 -33.2 1 
2346 -6.92769 -5.75097 -33.2 1 
2347 -6.90652 -5.65324 -33.2 1 
2348 -6.88535 -5.5555 -33.2 1 
2349 -6.86419 -5.45777 -33.2 1 
2350 -6.84302 -5.36004 -33.2 1 
2351 -6.82186 -5.2623 -33.2 1 
2352 -6.80069 -5.16457 -33.2 1 
2353 -6.77952 -5.06683 -33.2 1 
2354 -6.75836 -4.9691 -33.2 1 
2355 -6.73719 -4.87136 -33.2 1 
2356 -6.71602 -4.77363 -33.2 1 
2357 -6.69486 -4.6759 -33.2 1 
2358 -6.67369 -4.57816 -33.2 1 
2359 -6.65252 -4.48043 -33.2 1 
2360 -6.63136 -4.38269 -33.2 1 
2361 -6.72909 -4.36153 -33.2 3 
2362 -6.82683 -4.34036 -33.2 3 
2363 -6.92456 -4.31919 -33.2 3 
2364 -7.0223 -4.29803 -33.2 3 
2365 -7.12003 -4.27686 -33.2 3 
2366 -7.09886 -4.17913 -33.2 1 
2367 -7.0777 -4.08139 -33.2 1 
2368 -7.05653 -3.98366 -33.2 1 
2369 -7.03536 -3.88592 -33.2 1 
2370 -7.0142 -3.78819 -33.2 1 
2371 -6.99303 -3.69046 -33.2 1 
2372 -6.97186 -3.59272 -33.2 1 
2373 -6.9507 -3.49499 -33.2 1 
2374 -6.92953 -3.39725 -33.2 1 
2375 -6.90837 -3.29952 -33.2 1 
2376 -6.8872 -3.20178 -33.2 1 
2377 -6.86603 -3.10405 -33.2 1 
2378 -6.84487 -3.00632 -33.2 1 
2379 -6.8237 -2.90858 -33.2 1 
2380 -6.80253 -2.81085 -33.2 1 
2381 -6.78137 -2.71311 -33.2 1 
2382 -6.7602 -2.61538 -33.2 1 
2383 -6.73903 -2.51764 -33.2 1 
2384 -6.71787 -2.41991 -33.2 1 
2385 -6.6967 -2.32218 -33.2 1 
2386 -6.67554 -2.22444 -33.2 1 
2387 -6.65437 -2.12671 -33.2 1 
2388 -6.6332 -2.02897 -33.2 1 
2389 -6.73094 -2.00781 -33.2 3 
2390 -6.82867 -1.98664 -33.2 3 
2391 -6.92641 -1.96547 -33.2 3 
2392 -7.02414 -1.94431 -33.2 3 
2393 -7.12187 -1.92314 -33.2 3 
2394 -7.21961 -1.90198 -33.2 3 
2395 -7.31734 -1.88081 -33.2 3 
2396 -7.41508 -1.85964 -33.2 3 
2397 -7.51281 -1.83848 -33.2 3 
2398 -7.61055 -1.81731 -33.2 3 
2399 -7.70828 -1.79614 -33.2 3 
2400 -7.80601 -1.77498 -33.2 3 
2401 -7.90375 -1.75381 -33.2 3 
2402 -8.00148 -1.73264 -33.2 3 
2403 -8.09922 -1.71148 -33.2 3 
2404 -8.19695 -1.69031 -33.2 3 
2405 -8.29468 -1.66914 -33.2 3 
2406 -8.39242 -1.64798 -33.2 3 
2407 -8.49015 -1.62681 -33.2 3 
2408 -8.58789 -1.60565 -33.2 3 
2409 -8.56672 -1.50791 -33.2 1 
2410 -8.54556 -1.41018 -33.2 1 
2411 -8.52439 -1.31244 -33.2 1 
2412 -8.50322 -1.21471 -33.2 1 
2413 -8.48206 -1.11697 -33.2 1 
2414 -8.46089 -1.01924 -33.2 1 
2415 -8.43972 -0.921506 -33.2 1 
2416 -8.41856 -0.823772 -33.2 1 
2417 -8.39739 -0.726037 -33.2 1 
2418 -8.37622 -0.628303 -33.2 1 
2419 -8.35506 -0.530569 -33.2 1 
2420 -8.33389 -0.432835 -33.2 1 
2421 -8.23616 -0.454001 -33.2 4 
2422 -8.13842 -0.475167 -33.2 4 
2423 -8.04069 -0.496334 -33.2 4 
2424 -7.94295 -0.5175 -33.2 4 
2425 -7.84522 -0.538666 -33.2 4 
2426 -7.74749 -0.559833 -33.2 4 
2427 -7.64975 -0.580999 -33.2 4 
2428 -7.55202 -0.602166 -33.2 4 
2429 -7.45428 -0.623332 -33.2 4 
2430 -7.35655 -0.644498 -33.2 4 
2431 -7.25881 -0.665665 -33.2 4 
2432 -7.16108 -0.686831 -33.2 4 
2433 -7.06335 -0.707998 -33.2 4 
2434 -7.08451 -0.805732 -33.2 2 
2435 -7.10568 -0.903466 -33.2 2 
2436 -7.12684 -1.0012 -33.2 2 
2437 -7.14801 -1.09893 -33.2 2 
2438 -7.16918 -1.19667 -33.2 2 
2439 -7.19034 -1.2944 -33.2 2 
2440 -7.21151 -1.39214 -33.2 2 
2441 -7.23268 -1.48987 -33.2 2 
2442 -7.25384 -1.58761 -33.2 2 
2443 -7.27501 -1.68534 -33.2 2 
2444 -7.29618 -1.78307 -33.2 2 
2445 -7.31734 -1.88081 -33.2 2 
2446 -7.33851 -1.97854 -33.2 2 
2447 -7.35967 -2.07628 -33.2 2 
2448 -7.38084 -2.17401 -33.2 2 
2449 -7.28311 -2.19518 -33.2 4 
2450 -7.18537 -2.21634 -33.2 4 
2451 -7.08764 -2.23751 -33.2 4 
2452 -7.10881 -2.33524 -33.2 2 
2453 -7.12997 -2.43298 -33.2 2 
2454 -7.15114 -2.53071 -33.2 2 
2455 -7.1723 -2.62845 -33.2 2 
2456 -7.19347 -2.72618 -33.2 2 
2457 -7.21464 -2.82392 -33.2 2 
2458 -7.2358 -2.92165 -33.2 2 
2459 -7.25697 -3.01938 -33.2 2 
2460 -7.27814 -3.11712 -33.2 2 
2461 -7.1804 -3.13829 -33.2 4 
2462 -7.08267 -3.15945 -33.2 4 
2463 -6.98493 -3.18062 -33.2 4 
2464 -6.8872 -3.20178 -33.2 4 
2465 -6.90837 -3.29952 -33.2 2 
2466 -6.92953 -3.39725 -33.2 2 
2467 -6.9507 -3.49499 -33.2 2 
2468 -6.97186 -3.59272 -33.2 2 
2469 -6.99303 -3.69046 -33.2 2 
2470 -7.0142 -3.78819 -33.2 2 
2471 -7.03536 -3.88592 -33.2 2 
2472 -7.05653 -3.98366 -33.2 2 
2473 -7.0777 -4.08139 -33.2 2 
2474 -7.09886 -4.17913 -33.2 2 
2475 -7.12003 -4.27686 -33.2 2 
2476 -7.1412 -4.3746 -33.2 2 
2477 -7.16236 -4.47233 -33.2 2 
2478 -7.18353 -4.57006 -33.2 2 
2479 -7.2047 -4.6678 -33.2 2 
2480 -7.22586 -4.76553 -33.2 2 
2481 -7.24703 -4.86327 -33.2 2 
2482 -7.26819 -4.961 -33.2 2 
2483 -7.17046 -4.98217 -33.2 4 
2484 -7.07273 -5.00333 -33.2 4 
2485 -6.97499 -5.0245 -33.2 4 
2486 -6.99616 -5.12223 -33.2 2 
2487 -7.01732 -5.21997 -33.2 2 
2488 -7.03849 -5.3177 -33.2 2 
2489 -7.05966 -5.41544 -33.2 2 
2490 -7.08082 -5.51317 -33.2 2 
2491 -7.10199 -5.61091 -33.2 2 
2492 -7.12316 -5.70864 -33.2 2 
2493 -7.14432 -5.80637 -33.2 2 
2494 -7.16549 -5.90411 -33.2 2 
2495 -7.18666 -6.00184 -33.2 2 
2496 -7.20782 -6.09958 -33.2 2 
2497 -7.22899 -6.19731 -33.2 2 
2498 -7.25015 -6.29505 -33.2 2 
2499 -7.27132 -6.39278 -33.2 2 
2500 -7.29249 -6.49051 -33.2 2 
2501 -7.31365 -6.58825 -33.2 2 
2502 -7.33482 -6.68598 -33.2 2 
2503 -7.35599 -6.78372 -33.2 2 
2504 -7.37715 -6.88145 -33.2 2 
2505 -7.39832 -6.97919 -33.2 2 
2506 -7.41949 -7.07692 -33.2 2 
2507 -7.44065 -7.17465 -33.2 2 
2508 -7.46182 -7.27239 -33.2 2 
2509 -7.48299 -7.37012 -33.2 2 
2510 -7.50415 -7.46786 -33.2 2 
2511 -7.52532 -7.56559 -33.2 2 
2512 -7.54648 -7.66332 -33.2 2 
2513 -7.56765 -7.76106 -33.2 2 
2514 -7.58882 -7.85879 -33.2 2 
2515 -7.60998 -7.95653 -33.2 2 
2516 -7.63115 -8.05426 -33.2 2 
2517 -7.65232 -8.152 -33.2 2 
2518 -7.67348 -8.24973 -33.2 2 
2519 -7.69465 -8.34746 -33.2 2 
2520 -7.69465 -8.34746 -33.3 6 
2521 -7.69465 -8.34746 -33.4 6 
2522 -7.69465 -8.34746 -33.5 6 
2523 -7.69465 -8.34746 -33.6 6 
2524 -7.69465 -8.34746 -33.7 6 
2525 -7.69465 -8.34746 -33.8 6 
2526 -7.69465 -8.34746 -33.9 6 
2527 -7.69465 -8.34746 -34 6 
2528 -7.69465 -8.34746 -34.1 6 
2529 -7.69465 -8.34746 -34.2 6 
2530 -7.69465 -8.34746 -34.3 6 
2531 -7.69465 -8.34746 -34.4 6 
2532 -7.69465 -8.34746 -34.5 6 
2533 -7.69465 -8.34746 -34.6 6 
2534 -7.69465 -8.34746 -34.7 6 
2535 -7.69465 -8.34746 -34.8 6 
2536 -7.69465 -8.34746 -34.9 6 
2537 -7.69465 -8.34746 -35 6 
2538 -7.69465 -8.34746 -35.1 6 
2539 -7.69465 -8.34746 -35.2 6 
2540 -7.69465 -8.34746 -35.3 6 
2541 -7.69465 -8.34746 -35.4 6 
2542 -7.69465 -8.34746 -35.5 6 
2543 -7.69465 -8.34746 -35.6 6 
2544 -7.69465 -8.34746 -35.7 6 
2545 -7.69465 -8.34746 -35.8 6 
2546 -7.69465 -8.34746 -35.9 6 
2547 -7.69465 -8.34746 -36 6 
2548 -7.69465 -8.34746 -36.1 6 
2549 -7.69465 -8.34746 -36.2 6 
2550 -7.69465 -8.34746 -36.3 6 
2551 -7.69465 -8.34746 -36.4 6 
2552 -7.69465 -8.34746 -36.5 6 
2553 -7.69465 -8.34746 -36.6 6 
2554 -7.69465 -8.34746 -36.7 6 
2555 -7.69465 -8.34746 -36.8 6 
2556 -7.69465 -8.34746 -36.9 6 
2557 -7.69465 -8.34746 -37 6 
2558 -7.69465 -8.34746 -37.1 6 
2559 -7.69465 -8.34746 -37.2 6 
2560 -7.69465 -8.34746 -37.3 6 
2561 -7.69465 -8.34746 -37.4 6 
2562 -7.69465 -8.34746 -37.5 6 
2563 -7.69465 -8.34746 -37.6 6 
2564 -7.69465 -8.34746 -37.7 6 
2565 -7.69465 -8.34746 -37.8 6 
2566 -7.69465 -8.34746 -37.9 6 
2567 -7.69465 -8.34746 -38 6 
2568 -7.69465 -8.34746 -38.1 6 
2569 -7.69465 -8.34746 -38.2 6 
2570 -7.69465 -8.34746 -38.3 6 
2571 -7.69465 -8.34746 -38.4 6 
2572 -7.69465 -8.34746 -38.5 6 
2573 -7.69465 -8.34746 -38.6 6 
2574 -7.69465 -8.34746 -38.7 6 
2575 -7.69465 -8.34746 -38.8 6 
2576 -7.69465 -8.34746 -38.9 6 
2577 -7.69465 -8.34746 -39 6 
2578 -7.69465 -8.34746 -39.1 6 
2579 -7.69465 -8.34746 -39.2 6 
2580 -7.69465 -8.34746 -39.3 6 
2581 -7.69465 -8.34746 -39.4 6 
2582 -7.69465 -8.34746 -39.5 6 
2583 -7.69465 -8.34746 -39.6 6 
2584 -7.69465 -8.34746 -39.7 6 
2585 -7.69465 -8.34746 -39.8 6 
2586 -7.69465 -8.34746 -39.9 6 
2587 -7.63573 -8.26667 -39.9 1 
2588 -7.57681 -8.18587 -39.9 1 
2589 -7.51788 -8.10507 -39.9 1 
2590 -7.45896 -8.02427 -39.9 1 
2591 -7.40004 -7.94348 -39.9 1 
2592 -7.34112 -7.86268 -39.9 1 
2593 -7.2822 -7.78188 -39.9 1 
2594 -7.22327 -7.70109 -39.9 1 
2595 -7.16435 -7.62029 -39.9 1 
2596 -7.10543 -7.53949 -39.9 1 
2597 -7.04651 -7.45869 -39.9 1 
2598 -6.98759 -7.3779 -39.9 1 
2599 -6.92866 -7.2971 -39.9 1 
2600 -6.86974 -7.2163 -39.9 1 
2601 -6.81082 -7.1355 -39.9 1 
2602 -6.7519 -7.05471 -39.9 1 
2603 -6.69298 -6.97391 -39.9 1 
2604 -6.63405 -6.89311 -39.9 1 
2605 -6.57513 -6.81231 -39.9 1 
2606 -6.51621 -6.73152 -39.9 1 
2607 -6.45729 -6.65072 -39.9 1 
2608 -6.45729 -6.65072 -39.8 5 
2609 -6.45729 -6.65072 -39.7 5 
2610 -6.45729 -6.65072 -39.6 5 
2611 -6.45729 -6.65072 -39.5 5 
2612 -6.45729 -6.65072 -39.4 5 
2613 -6.45729 -6.65072 -39.3 5 
2614 -6.45729 -6.65072 -39.2 5 
2615 -6.46427 -6.55096 -39.2 1 
2616 -6.47126 -6.45121 -39.2 1 
2617 -6.47824 -6.35145 -39.2 1 
2618 -6.48523 -6.2517 -39.2 1 
2619 -6.49221 -6.15194 -39.2 1 
2620 -6.4992 -6.05219 -39.2 1 
2621 -6.50619 -5.95243 -39.2 1 
2622 -6.51317 -5.85267 -39.2 1 
2623 -6.52015 -5.75292 -39.2 1 
2624 -6.52714 -5.65316 -39.2 1 
2625 -6.53413 -5.55341 -39.2 1 
2626 -6.54111 -5.45365 -39.2 1 
2627 -6.5481 -5.3539 -39.2 1 
2628 -6.55508 -5.25414 -39.2 1 
2629 -6.56207 -5.15438 -39.2 1 
2630 -6.56905 -5.05463 -39.2 1 
2631 -6.57604 -4.95487 -39.2 1 
2632 -6.58302 -4.85512 -39.2 1 
2633 -6.68278 -4.8621 -39.2 3 
2634 -6.78253 -4.86909 -39.2 3 
2635 -6.88229 -4.87607 -39.2 3 
2636 -6.98204 -4.88306 -39.2 3 
2637 -6.98903 -4.7833 -39.2 1 
2638 -6.99601 -4.68355 -39.2 1 
2639 -7.003 -4.58379 -39.2 1 
2640 -7.00998 -4.48403 -39.2 1 
2641 -7.01697 -4.38428 -39.2 1 
2642 -7.02395 -4.28452 -39.2 1 
2643 -7.03094 -4.18477 -39.2 1 
2644 -7.03793 -4.08501 -39.2 1 
2645 -7.04491 -3.98526 -39.2 1 
2646 -7.0519 -3.8855 -39.2 1 
2647 -7.05888 -3.78574 -39.2 1 
2648 -7.06587 -3.68599 -39.2 1 
2649 -7.07285 -3.58623 -39.2 1 
2650 -7.07984 -3.48648 -39.2 1 
2651 -7.08682 -3.38672 -39.2 1 
2652 -7.09381 -3.28697 -39.2 1 
2653 -7.10079 -3.18721 -39.2 1 
2654 -7.10778 -3.08745 -39.2 1 
2655 -7.11476 -2.9877 -39.2 1 
2656 -7.12175 -2.88794 -39.2 1 
2657 -7.12873 -2.78819 -39.2 1 
2658 -7.13572 -2.68843 -39.2 1 
2659 -7.1427 -2.58868 -39.2 1 
2660 -7.14969 -2.48892 -39.2 1 
2661 -7.15667 -2.38916 -39.2 1 
2662 -7.16366 -2.28941 -39.2 1 
2663 -7.17064 -2.18965 -39.2 1 
2664 -7.17763 -2.0899 -39.2 1 
2665 -7.18461 -1.99014 -39.2 1 
2666 -7.1916 -1.89039 -39.2 1 
2667 -7.19858 -1.79063 -39.2 1 
2668 -7.20557 -1.69087 -39.2 1 
2669 -7.21255 -1.59112 -39.2 1 
2670 -7.21954 -1.49136 -39.2 1 
2671 -7.22652 -1.39161 -39.2 1 
2672 -7.23351 -1.29185 -39.2 1 
2673 -7.24049 -1.1921 -39.2 1 
2674 -7.24748 -1.09234 -39.2 1 
2675 -7.25446 -0.992584 -39.2 1 
2676 -7.26145 -0.892828 -39.2 1 
2677 -7.26843 -0.793072 -39.2 1 
2678 -7.27542 -0.693316 -39.2 1 
2679 -7.2824 -0.593561 -39.2 1 
2680 -7.28939 -0.493805 -39.2 1 
2681 -7.29637 -0.394049 -39.2 1 
2682 -7.30336 -0.294293 -39.2 1 
2683 -7.31035 -0.194538 -39.2 1 
2684 -7.31733 -0.094782 -39.2 1 
2685 -7.32432 0.00497375 -39.2 1 
2686 -7.3313 0.104729 -39.2 1 
2687 -7.33829 0.204485 -39.2 1 
2688 -7.34527 0.304241 -39.2 1 
2689 -7.35226 0.403997 -39.2 1 
2690 -7.35924 0.503752 -39.2 1 
2691 -7.36623 0.603508 -39.2 1 
2692 -7.37321 0.703264 -39.2 1 
2693 -7.3802 0.80302 -39.2 1 
2694 -7.38718 0.902775 -39.2 1 
2695 -7.38718 0.902775 -39.3 6 
2696 -7.38718 0.902775 -39.4 6 
2697 -7.38718 0.902775 -39.5 6 
2698 -7.38718 0.902775 -39.6 6 
2699 -7.38718 0.902775 -39.7 6 
2700 -7.38718 0.902775 -39.8 6 
2701 -7.38718 0.902775 -39.9 6 
2702 -7.38718 0.902775 -40 6 
2703 -7.38718 0.902775 -40.1 6 
2704 -7.38718 0.902775 -40.2 6 
2705 -7.38718 0.902775 -40.3 6 
2706 -7.38718 0.902775 -40.4 6 
2707 -7.38718 0.902775 -40.5 6 
2708 -7.38718 0.902775 -40.6 6 
2709 -7.38718 0.902775 -40.7 6 
2710 -7.38718 0.902775 -40.8 6 
2711 -7.38718 0.902775 -40.9 6 
2712 -7.38718 0.902775 -41 6 
2713 -7.28845 0.886913 -41 1 
2714 -7.18971 0.871051 -41 1 
2715 -7.09098 0.855189 -41 1 
2716 -6.99225 0.839326 -41 1 
2717 -6.89351 0.823464 -41 1 
2718 -6.79478 0.807602 -41 1 
2719 -6.69604 0.79174 -41 1 
2720 -6.59731 0.775877 -41 1 
2721 -6.49858 0.760015 -41 1 
2722 -6.39984 0.744153 -41 1 
2723 -6.30111 0.72829 -41 1 
2724 -6.20237 0.712428 -41 1 
2725 -6.20237 0.712428 -40.9 5 
2726 -6.20237 0.712428 -40.8 5 
2727 -6.10246 0.716498 -40.8 1 
2728 -6.00254 0.720567 -40.8 1 
2729 -5.90262 0.724636 -40.8 1 
2730 -5.80271 0.728706 -40.8 1 
2731 -5.70279 0.732775 -40.8 1 
2732 -5.60287 0.736844 -40.8 1 
2733 -5.50295 0.740914 -40.8 1 
2734 -5.40304 0.744983 -40.8 1 
2735 -5.30312 0.749052 -40.8 1 
2736 -5.2032 0.753121 -40.8 1 
2737 -5.10329 0.757191 -40.8 1 
2738 -5.00337 0.76126 -40.8 1 
2739 -4.90345 0.765329 -40.8 1 
2740 -4.80353 0.769399 -40.8 1 
2741 -4.70362 0.773468 -40.8 1 
2742 -4.6037 0.777537 -40.8 1 
2743 -4.50378 0.781607 -40.8 1 
2744 -4.40387 0.785676 -40.8 1 
2745 -4.30395 0.789745 -40.8 1 
2746 -4.20403 0.793815 -40.8 1 
2747 -4.10411 0.797884 -40.8 1 
2748 -4.0042 0.801953 -40.8 1 
2749 -3.90428 0.806023 -40.8 1 
2750 -3.80436 0.810092 -40.8 1 
2751 -3.70445 0.814161 -40.8 1 
2752 -3.60453 0.818231 -40.8 1 
2753 -3.50461 0.8223 -40.8 1 
2754 -3.40469 0.826369 -40.8 1 
2755 -3.30478 0.830439 -40.8 1 
2756 -3.20486 0.834508 -40.8 1 
2757 -3.10494 0.838577 -40.8 1 
2758 -3.00502 0.842647 -40.8 1 
2759 -2.90511 0.846716 -40.8 1 
2760 -2.80519 0.850785 -40.8 1 
2761 -2.70527 0.854855 -40.8 1 
2762 -2.60536 0.858924 -40.8 1 
2763 -2.50544 0.862993 -40.8 1 
2764 -2.40552 0.867063 -40.8 1 
2765 -2.3056 0.871132 -40.8 1 
2766 -2.20569 0.875201 -40.8 1 
2767 -2.10577 0.879271 -40.8 1 
2768 -2.00585 0.88334 -40.8 1 
2769 -1.90594 0.887409 -40.8 1 
2770 -1.80602 0.891479 -40.8 1 
