1 0.1 0 0 
2 0 0 0 
3 -0.1 0 0 
4 -0.2 0 0 
5 -0.3 0 0 
6 -0.4 0 0 
7 -0.5 0 0 
8 -0.6 0 0 
9 -0.7 0 0 
10 -0.8 0 0 
11 -0.9 0 0 
12 -1 0 0 
13 -1.1 0 0 
14 -1.2 0 0 
15 -1.3 0 0 
16 -1.4 0 0 
17 -1.5 0 0 
18 -1.6 0 0 
19 -1.6 0.1 0 
20 -1.6 0.2 0 
21 -1.6 0.3 0 
22 -1.6 0.4 0 
23 -1.6 0.4 0.1 
24 -1.6 0.4 0.2 
25 -1.6 0.4 0.3 
26 -1.6 0.4 0.4 
27 -1.6 0.4 0.3 
28 -1.6 0.4 0.2 
29 -1.6 0.4 0.1 
30 -1.6 0.4 2.77556e-17 
31 -1.6 0.4 -0.1 
32 -1.6 0.4 -0.2 
33 -1.6 0.4 -0.3 
34 -1.6 0.4 -0.4 
35 -1.6 0.4 -0.5 
36 -1.7 0.4 -0.5 
37 -1.8 0.4 -0.5 
38 -1.9 0.4 -0.5 
39 -2 0.4 -0.5 
40 -2.1 0.4 -0.5 
41 -2.2 0.4 -0.5 
42 -2.3 0.4 -0.5 
43 -2.4 0.4 -0.5 
44 -2.5 0.4 -0.5 
45 -2.5 0.5 -0.5 
46 -2.5 0.6 -0.5 
47 -2.5 0.7 -0.5 
48 -2.5 0.8 -0.5 
49 -2.5 0.9 -0.5 
50 -2.5 1 -0.5 
51 -2.5 1 -0.6 
52 -2.5 1 -0.7 
53 -2.5 1 -0.8 
54 -2.6 1 -0.8 
55 -2.7 1 -0.8 
56 -2.8 1 -0.8 
57 -2.9 1 -0.8 
58 -3 1 -0.8 
59 -3.1 1 -0.8 
60 -3.1 1.1 -0.8 
61 -3.1 1.2 -0.8 
62 -3.1 1.3 -0.8 
63 -3.1 1.3 -0.9 
64 -3.1 1.3 -1 
65 -3.1 1.3 -0.9 
66 -3.1 1.3 -0.8 
67 -3.1 1.3 -0.7 
68 -3.1 1.3 -0.6 
69 -3.1 1.3 -0.5 
70 -3.1 1.3 -0.4 
71 -3.1 1.3 -0.3 
72 -3.1 1.3 -0.2 
73 -3 1.3 -0.2 
74 -2.9 1.3 -0.2 
75 -2.8 1.3 -0.2 
76 -2.7 1.3 -0.2 
77 -2.6 1.3 -0.2 
78 -2.5 1.3 -0.2 
79 -2.4 1.3 -0.2 
80 -2.3 1.3 -0.2 
81 -2.2 1.3 -0.2 
82 -2.2 1.4 -0.2 
83 -2.2 1.5 -0.2 
84 -2.2 1.6 -0.2 
85 -2.2 1.7 -0.2 
86 -2.2 1.8 -0.2 
87 -2.2 1.8 -0.1 
88 -2.2 1.8 -2.77556e-17 
89 -2.2 1.8 0.1 
90 -2.2 1.8 0.2 
91 -2.2 1.8 0.3 
92 -2.2 1.8 0.4 
93 -2.2 1.9 0.4 
94 -2.2 2 0.4 
95 -2.2 2.1 0.4 
96 -2.2 2.2 0.4 
97 -2.2 2.3 0.4 
98 -2.2 2.4 0.4 
99 -2.2 2.5 0.4 
100 -2.2 2.5 0.5 
101 -2.2 2.5 0.6 
102 -2.2 2.5 0.7 
103 -2.2 2.5 0.8 
104 -2.2 2.6 0.8 
105 -2.2 2.7 0.8 
106 -2.2 2.8 0.8 
107 -2.2 2.9 0.8 
108 -2.3 2.9 0.8 
109 -2.4 2.9 0.8 
110 -2.5 2.9 0.8 
111 -2.6 2.9 0.8 
112 -2.7 2.9 0.8 
113 -2.8 2.9 0.8 
114 -2.9 2.9 0.8 
115 -3 2.9 0.8 
116 -3.1 2.9 0.8 
117 -3.1 2.8 0.8 
118 -3.1 2.7 0.8 
119 -3.1 2.6 0.8 
120 -3.1 2.5 0.8 
121 -3.1 2.4 0.8 
122 -3 2.4 0.8 
123 -3 2.4 0.7 
124 -3 2.4 0.6 
125 -3 2.4 0.5 
126 -3 2.3 0.5 
127 -3 2.2 0.5 
128 -3 2.1 0.5 
129 -3 2.1 0.4 
130 -3 2.1 0.3 
131 -2.9 2.1 0.3 
132 -2.9 2.1 0.2 
133 -2.8 2.1 0.2 
134 -2.7 2.1 0.2 
135 -2.7 2.1 0.1 
136 -2.7 2.1 2.77556e-17 
137 -2.7 2.1 -0.1 
138 -2.7 2.1 -0.2 
139 -2.7 2.1 -0.3 
140 -2.6 2.1 -0.3 
141 -2.6 2.1 -0.4 
142 -2.7 2.1 -0.4 
143 -2.7 2.1 -0.3 
144 -2.7 2.1 -0.2 
145 -2.7 2.1 -0.1 
146 -2.7 2.1 -2.77556e-17 
147 -2.7 2.1 0.1 
148 -2.7 2.1 0.2 
149 -2.7 2.1 0.3 
150 -2.7 2.1 0.4 
151 -2.7 2.1 0.5 
152 -2.7 2.1 0.6 
153 -2.7 2.1 0.7 
154 -2.8 2.1 0.7 
155 -2.9 2.1 0.7 
156 -3 2.1 0.7 
157 -3 2.1 0.8 
158 -3 2.1 0.9 
159 -3 2.1 1 
160 -3 2.2 1 
161 -3 2.3 1 
162 -3 2.4 1 
163 -3 2.5 1 
164 -3 2.6 1 
165 -3 2.7 1 
166 -3 2.8 1 
167 -3 2.9 1 
168 -3 3 1 
169 -3 3.1 1 
170 -3 3.2 1 
171 -3 3.3 1 
172 -3 3.4 1 
173 -3 3.5 1 
174 -3 3.6 1 
175 -3 3.7 1 
176 -3 3.8 1 
177 -3 3.9 1 
178 -3 4 1 
179 -3 4.1 1 
180 -3 4.2 1 
181 -3 4.3 1 
182 -3 4.4 1 
183 -3 4.5 1 
184 -3 4.6 1 
185 -3 4.7 1 
186 -3 4.7 0.9 
187 -3 4.7 0.8 
188 -3 4.7 0.7 
189 -3 4.7 0.6 
190 -3 4.7 0.5 
191 -3 4.7 0.4 
192 -3 4.7 0.3 
193 -3 4.7 0.2 
194 -3 4.7 0.1 
195 -3 4.7 0.2 
196 -3 4.7 0.3 
197 -3 4.7 0.4 
198 -3 4.6 0.4 
199 -3 4.5 0.4 
200 -3 4.4 0.4 
201 -3 4.3 0.4 
202 -3 4.2 0.4 
203 -3 4.1 0.4 
204 -3 4 0.4 
205 -3 3.9 0.4 
206 -3 3.8 0.4 
207 -3 3.7 0.4 
208 -3 3.6 0.4 
209 -3 3.5 0.4 
210 -3 3.4 0.4 
211 -3 3.3 0.4 
212 -3 3.2 0.4 
213 -3 3.1 0.4 
214 -3 3 0.4 
215 -3 2.9 0.4 
216 -3 2.8 0.4 
217 -3 2.7 0.4 
218 -3 2.6 0.4 
219 -3 2.6 0.3 
220 -3 2.6 0.2 
221 -2.9 2.6 0.2 
222 -2.8 2.6 0.2 
223 -2.7 2.6 0.2 
224 -2.6 2.6 0.2 
225 -2.5 2.6 0.2 
226 -2.4 2.6 0.2 
227 -2.3 2.6 0.2 
228 -2.2 2.6 0.2 
229 -2.1 2.6 0.2 
230 -2 2.6 0.2 
231 -1.9 2.6 0.2 
232 -1.8 2.6 0.2 
233 -1.7 2.6 0.2 
234 -1.6 2.6 0.2 
235 -1.5 2.6 0.2 
236 -1.4 2.6 0.2 
237 -1.3 2.6 0.2 
238 -1.2 2.6 0.2 
239 -1.1 2.6 0.2 
240 -1.1 2.6 0.1 
241 -1.1 2.6 2.77556e-17 
242 -1.1 2.6 -0.1 
243 -1.1 2.6 -0.2 
244 -1.1 2.6 -0.3 
245 -1.1 2.6 -0.4 
246 -1.1 2.6 -0.5 
247 -1.1 2.7 -0.5 
248 -1.1 2.8 -0.5 
249 -1.1 2.9 -0.5 
250 -1.1 2.9 -0.6 
251 -1.1 2.9 -0.7 
252 -1.1 2.9 -0.8 
253 -1.1 2.9 -0.9 
254 -1.1 3 -0.9 
255 -1.1 3.1 -0.9 
256 -1.1 3.2 -0.9 
257 -1.1 3.3 -0.9 
258 -1.1 3.4 -0.9 
259 -1.1 3.5 -0.9 
260 -1.1 3.6 -0.9 
261 -1.1 3.7 -0.9 
262 -1.1 3.8 -0.9 
263 -1.1 3.9 -0.9 
264 -1.1 4 -0.9 
265 -1.1 4.1 -0.9 
266 -1.1 4.2 -0.9 
267 -1.1 4.3 -0.9 
268 -1.1 4.4 -0.9 
269 -1.1 4.5 -0.9 
270 -1.1 4.6 -0.9 
271 -1.1 4.7 -0.9 
272 -1.1 4.7 -1 
273 -1.1 4.6 -1 
274 -1.1 4.5 -1 
275 -1.1 4.4 -1 
276 -1.1 4.4 -0.9 
277 -1.1 4.4 -0.8 
278 -1.1 4.4 -0.7 
279 -1.1 4.4 -0.8 
280 -1.1 4.4 -0.9 
281 -1.1 4.4 -1 
282 -1.1 4.4 -1.1 
283 -1.1 4.3 -1.1 
284 -1.1 4.2 -1.1 
285 -1.1 4.1 -1.1 
286 -1.1 4.1 -1.2 
287 -1.1 4.1 -1.3 
288 -1.1 4.1 -1.4 
289 -1.2 4.1 -1.4 
290 -1.3 4.1 -1.4 
291 -1.4 4.1 -1.4 
292 -1.5 4.1 -1.4 
293 -1.6 4.1 -1.4 
294 -1.7 4.1 -1.4 
295 -1.8 4.1 -1.4 
296 -1.8 4.1 -1.5 
297 -1.8 4.1 -1.6 
298 -1.8 4.1 -1.7 
299 -1.8 4.1 -1.8 
300 -1.8 4.1 -1.9 
301 -1.8 4.2 -1.9 
302 -1.8 4.3 -1.9 
303 -1.8 4.4 -1.9 
304 -1.8 4.5 -1.9 
305 -1.8 4.6 -1.9 
306 -1.8 4.7 -1.9 
307 -1.8 4.7 -1.8 
308 -1.8 4.7 -1.7 
309 -1.8 4.7 -1.6 
310 -1.8 4.7 -1.5 
311 -1.8 4.7 -1.4 
312 -1.8 4.7 -1.3 
313 -1.8 4.7 -1.2 
314 -1.8 4.7 -1.3 
315 -1.8 4.7 -1.4 
316 -1.8 4.7 -1.5 
317 -1.8 4.7 -1.6 
318 -1.8 4.7 -1.7 
319 -1.8 4.7 -1.8 
320 -1.8 4.7 -1.9 
321 -1.8 4.7 -2 
322 -1.8 4.7 -2.1 
323 -1.9 4.7 -2.1 
324 -2 4.7 -2.1 
325 -2.1 4.7 -2.1 
326 -2.1 4.7 -2.2 
327 -2.1 4.7 -2.3 
328 -2.1 4.7 -2.4 
329 -2.2 4.7 -2.4 
330 -2.3 4.7 -2.4 
331 -2.4 4.7 -2.4 
332 -2.5 4.7 -2.4 
333 -2.6 4.7 -2.4 
334 -2.7 4.7 -2.4 
335 -2.8 4.7 -2.4 
336 -2.9 4.7 -2.4 
337 -3 4.7 -2.4 
338 -3 4.8 -2.4 
339 -3 4.9 -2.4 
340 -3 5 -2.4 
341 -3 5.1 -2.4 
342 -3 5.2 -2.4 
343 -3 5.2 -2.5 
344 -3 5.2 -2.6 
345 -3 5.2 -2.7 
346 -3 5.2 -2.6 
347 -3 5.2 -2.5 
348 -2.9 5.2 -2.5 
349 -2.8 5.2 -2.5 
350 -2.7 5.2 -2.5 
351 -2.6 5.2 -2.5 
352 -2.5 5.2 -2.5 
353 -2.4 5.2 -2.5 
354 -2.3 5.2 -2.5 
355 -2.3 5.2 -2.6 
356 -2.3 5.2 -2.7 
357 -2.3 5.2 -2.6 
358 -2.3 5.2 -2.5 
359 -2.3 5.2 -2.4 
360 -2.3 5.2 -2.3 
361 -2.3 5.2 -2.2 
362 -2.3 5.2 -2.1 
363 -2.3 5.1 -2.1 
364 -2.3 5 -2.1 
365 -2.3 4.9 -2.1 
366 -2.3 4.8 -2.1 
367 -2.3 4.8 -2.2 
368 -2.3 4.8 -2.3 
369 -2.3 4.8 -2.4 
370 -2.3 4.8 -2.3 
371 -2.3 4.8 -2.2 
372 -2.3 4.8 -2.1 
373 -2.3 4.8 -2 
374 -2.3 4.8 -1.9 
375 -2.3 4.8 -1.8 
376 -2.3 4.8 -1.7 
377 -2.3 4.8 -1.6 
378 -2.3 4.7 -1.6 
379 -2.3 4.6 -1.6 
380 -2.3 4.5 -1.6 
381 -2.3 4.4 -1.6 
382 -2.3 4.3 -1.6 
383 -2.2 4.3 -1.6 
384 -2.1 4.3 -1.6 
385 -2 4.3 -1.6 
386 -1.9 4.3 -1.6 
387 -1.8 4.3 -1.6 
388 -1.8 4.4 -1.6 
389 -1.8 4.5 -1.6 
390 -1.8 4.6 -1.6 
391 -1.8 4.7 -1.6 
392 -1.8 4.8 -1.6 
393 -1.8 4.9 -1.6 
394 -1.8 5 -1.6 
395 -1.8 5.1 -1.6 
396 -1.8 5.2 -1.6 
397 -1.8 5.3 -1.6 
398 -1.8 5.2 -1.6 
399 -1.8 5.1 -1.6 
400 -1.8 5 -1.6 
401 -1.8 4.9 -1.6 
402 -1.8 4.8 -1.6 
403 -1.8 4.7 -1.6 
404 -1.8 4.6 -1.6 
405 -1.7 4.6 -1.6 
406 -1.6 4.6 -1.6 
407 -1.5 4.6 -1.6 
408 -1.4 4.6 -1.6 
409 -1.3 4.6 -1.6 
410 -1.3 4.7 -1.6 
411 -1.3 4.8 -1.6 
412 -1.3 4.9 -1.6 
413 -1.3 5 -1.6 
414 -1.3 5.1 -1.6 
415 -1.3 5.2 -1.6 
416 -1.3 5.1 -1.6 
417 -1.3 5 -1.6 
418 -1.3 4.9 -1.6 
419 -1.3 4.8 -1.6 
420 -1.3 4.7 -1.6 
421 -1.3 4.7 -1.5 
422 -1.3 4.7 -1.4 
423 -1.3 4.7 -1.3 
424 -1.4 4.7 -1.3 
425 -1.5 4.7 -1.3 
426 -1.6 4.7 -1.3 
427 -1.7 4.7 -1.3 
428 -1.8 4.7 -1.3 
429 -1.9 4.7 -1.3 
430 -2 4.7 -1.3 
431 -2.1 4.7 -1.3 
432 -2 4.7 -1.3 
433 -1.9 4.7 -1.3 
434 -1.8 4.7 -1.3 
435 -1.7 4.7 -1.3 
436 -1.7 4.8 -1.3 
437 -1.7 4.9 -1.3 
438 -1.7 5 -1.3 
439 -1.7 5.1 -1.3 
440 -1.7 5.2 -1.3 
441 -1.6 5.2 -1.3 
442 -1.5 5.2 -1.3 
443 -1.4 5.2 -1.3 
444 -1.3 5.2 -1.3 
445 -1.2 5.2 -1.3 
446 -1.1 5.2 -1.3 
447 -1 5.2 -1.3 
448 -0.9 5.2 -1.3 
449 -0.9 5.1 -1.3 
450 -0.9 5 -1.3 
451 -0.9 4.9 -1.3 
452 -0.9 4.8 -1.3 
453 -0.9 4.7 -1.3 
454 -0.9 4.6 -1.3 
455 -0.9 4.5 -1.3 
456 -0.9 4.4 -1.3 
457 -0.9 4.3 -1.3 
458 -0.9 4.2 -1.3 
459 -0.9 4.1 -1.3 
460 -0.9 4.2 -1.3 
461 -0.9 4.3 -1.3 
462 -0.9 4.4 -1.3 
463 -0.9 4.4 -1.2 
464 -0.9 4.4 -1.1 
465 -0.9 4.4 -1 
466 -0.9 4.4 -0.9 
467 -0.9 4.5 -0.9 
468 -0.9 4.6 -0.9 
469 -0.9 4.7 -0.9 
470 -1 4.7 -0.9 
471 -1.1 4.7 -0.9 
472 -1.2 4.7 -0.9 
473 -1.3 4.7 -0.9 
474 -1.3 4.8 -0.9 
475 -1.3 4.9 -0.9 
476 -1.3 5 -0.9 
477 -1.3 5.1 -0.9 
478 -1.3 5.2 -0.9 
479 -1.3 5.3 -0.9 
480 -1.4 5.3 -0.9 
481 -1.5 5.3 -0.9 
482 -1.5 5.2 -0.9 
483 -1.5 5.1 -0.9 
484 -1.5 5 -0.9 
485 -1.5 5 -1 
486 -1.5 5 -1.1 
487 -1.5 5 -1.2 
488 -1.5 5 -1.3 
489 -1.5 5 -1.4 
490 -1.5 5 -1.5 
491 -1.5 4.9 -1.5 
492 -1.5 4.8 -1.5 
493 -1.5 4.7 -1.5 
494 -1.5 4.6 -1.5 
495 -1.5 4.5 -1.5 
496 -1.5 4.4 -1.5 
497 -1.5 4.3 -1.5 
498 -1.5 4.3 -1.6 
499 -1.5 4.3 -1.7 
500 -1.5 4.3 -1.8 
501 -1.4 4.3 -1.8 
502 -1.3 4.3 -1.8 
503 -1.2 4.3 -1.8 
504 -1.2 4.3 -1.7 
505 -1.2 4.3 -1.8 
506 -1.2 4.3 -1.9 
507 -1.2 4.3 -2 
508 -1.2 4.3 -2.1 
509 -1.2 4.3 -2.2 
510 -1.2 4.3 -2.3 
511 -1.2 4.3 -2.4 
512 -1.2 4.3 -2.5 
513 -1.2 4.3 -2.6 
514 -1.2 4.3 -2.7 
515 -1.2 4.3 -2.8 
516 -1.2 4.3 -2.9 
517 -1.2 4.3 -3 
518 -1.2 4.3 -3.1 
519 -1.2 4.3 -3.2 
520 -1.2 4.3 -3.3 
521 -1.2 4.3 -3.4 
522 -1.2 4.3 -3.5 
523 -1.1 4.3 -3.5 
524 -1 4.3 -3.5 
525 -0.9 4.3 -3.5 
526 -0.8 4.3 -3.5 
527 -0.7 4.3 -3.5 
528 -0.6 4.3 -3.5 
529 -0.5 4.3 -3.5 
530 -0.4 4.3 -3.5 
531 -0.3 4.3 -3.5 
532 -0.2 4.3 -3.5 
533 -0.1 4.3 -3.5 
534 1.94289e-16 4.3 -3.5 
535 0.1 4.3 -3.5 
536 0.2 4.3 -3.5 
537 0.3 4.3 -3.5 
538 0.3 4.2 -3.5 
539 0.3 4.1 -3.5 
540 0.3 4 -3.5 
541 0.3 3.9 -3.5 
542 0.3 3.8 -3.5 
543 0.3 3.7 -3.5 
544 0.3 3.6 -3.5 
545 0.3 3.5 -3.5 
546 0.3 3.4 -3.5 
547 0.3 3.3 -3.5 
548 0.3 3.2 -3.5 
549 0.3 3.1 -3.5 
550 0.3 3 -3.5 
551 0.3 2.9 -3.5 
552 0.3 2.8 -3.5 
553 0.3 2.7 -3.5 
554 0.3 2.6 -3.5 
555 0.3 2.5 -3.5 
556 0.3 2.4 -3.5 
557 0.3 2.3 -3.5 
558 0.3 2.3 -3.6 
559 0.3 2.3 -3.7 
560 0.3 2.3 -3.8 
561 0.3 2.3 -3.9 
562 0.3 2.3 -4 
563 0.3 2.3 -4.1 
564 0.3 2.3 -4.2 
565 0.3 2.3 -4.3 
566 0.4 2.3 -4.3 
567 0.5 2.3 -4.3 
568 0.6 2.3 -4.3 
569 0.7 2.3 -4.3 
570 0.8 2.3 -4.3 
571 0.9 2.3 -4.3 
572 1 2.3 -4.3 
573 1.1 2.3 -4.3 
574 1.2 2.3 -4.3 
575 1.3 2.3 -4.3 
576 1.4 2.3 -4.3 
577 1.4 2.3 -4.4 
578 1.4 2.3 -4.5 
579 1.4 2.3 -4.6 
580 1.5 2.3 -4.6 
581 1.5 2.2 -4.6 
582 1.5 2.1 -4.6 
583 1.5 2 -4.6 
584 1.5 1.9 -4.6 
585 1.5 1.8 -4.6 
586 1.5 1.7 -4.6 
587 1.6 1.7 -4.6 
588 1.7 1.7 -4.6 
589 1.8 1.7 -4.6 
590 1.9 1.7 -4.6 
591 2 1.7 -4.6 
592 2.1 1.7 -4.6 
593 2.2 1.7 -4.6 
594 2.3 1.7 -4.6 
595 2.4 1.7 -4.6 
596 2.5 1.7 -4.6 
597 2.6 1.7 -4.6 
598 2.7 1.7 -4.6 
599 2.8 1.7 -4.6 
600 2.9 1.7 -4.6 
601 3 1.7 -4.6 
602 3.1 1.7 -4.6 
603 3.2 1.7 -4.6 
604 3.3 1.7 -4.6 
605 3.3 1.6 -4.6 
606 3.3 1.5 -4.6 
607 3.3 1.4 -4.6 
608 3.4 1.4 -4.6 
609 3.5 1.4 -4.6 
610 3.6 1.4 -4.6 
611 3.7 1.4 -4.6 
612 3.8 1.4 -4.6 
613 3.9 1.4 -4.6 
614 4 1.4 -4.6 
615 4.1 1.4 -4.6 
616 4.1 1.3 -4.6 
617 4.1 1.2 -4.6 
618 4.1 1.1 -4.6 
619 4.1 1 -4.6 
620 4.1 0.9 -4.6 
621 4.1 0.8 -4.6 
622 4.1 0.7 -4.6 
623 4.1 0.6 -4.6 
624 4.1 0.5 -4.6 
625 4.1 0.4 -4.6 
626 4.1 0.3 -4.6 
627 4.1 0.2 -4.6 
628 4.1 0.1 -4.6 
629 4.1 0.1 -4.7 
630 4.1 0.1 -4.8 
631 4.1 0.1 -4.9 
632 4.1 0.1 -5 
633 4.1 0.1 -5.1 
634 4.1 0.1 -5 
635 4.1 0.1 -4.9 
636 4.1 0.1 -4.8 
637 4.1 0.1 -4.7 
638 4.1 0.1 -4.6 
639 4.1 0.1 -4.5 
640 4.1 0.1 -4.4 
641 4.1 0.1 -4.3 
642 4.1 -6.38378e-16 -4.3 
643 4.1 -0.1 -4.3 
644 4.1 -0.2 -4.3 
645 4.1 -0.3 -4.3 
646 4.1 -0.4 -4.3 
647 4.1 -0.5 -4.3 
648 4.1 -0.6 -4.3 
649 4.1 -0.7 -4.3 
650 4.1 -0.8 -4.3 
651 4.1 -0.9 -4.3 
652 4.2 -0.9 -4.3 
653 4.3 -0.9 -4.3 
654 4.4 -0.9 -4.3 
655 4.5 -0.9 -4.3 
656 4.5 -0.9 -4.4 
657 4.5 -0.9 -4.5 
658 4.5 -0.9 -4.6 
659 4.5 -0.9 -4.7 
660 4.5 -0.9 -4.6 
661 4.5 -0.9 -4.5 
662 4.5 -0.9 -4.4 
663 4.5 -0.9 -4.3 
664 4.5 -0.9 -4.2 
665 4.5 -0.9 -4.1 
666 4.5 -0.9 -4 
667 4.5 -0.9 -4.1 
668 4.5 -0.9 -4.2 
669 4.5 -0.9 -4.3 
670 4.5 -0.9 -4.4 
671 4.5 -0.9 -4.5 
672 4.5 -0.9 -4.6 
673 4.5 -0.9 -4.7 
674 4.5 -0.9 -4.8 
675 4.5 -0.9 -4.9 
676 4.5 -0.9 -5 
677 4.5 -0.9 -5.1 
678 4.5 -0.9 -5.2 
679 4.5 -0.9 -5.3 
680 4.5 -0.9 -5.4 
681 4.5 -0.9 -5.5 
682 4.5 -1 -5.5 
683 4.5 -1.1 -5.5 
684 4.5 -1 -5.5 
685 4.5 -0.9 -5.5 
686 4.5 -0.8 -5.5 
687 4.5 -0.7 -5.5 
688 4.5 -0.6 -5.5 
689 4.5 -0.5 -5.5 
690 4.5 -0.5 -5.6 
691 4.5 -0.5 -5.5 
692 4.5 -0.5 -5.4 
693 4.5 -0.5 -5.3 
694 4.5 -0.5 -5.2 
695 4.5 -0.5 -5.1 
696 4.5 -0.5 -5 
697 4.5 -0.4 -5 
698 4.5 -0.3 -5 
699 4.5 -0.2 -5 
700 4.5 -0.1 -5 
701 4.5 -8.04912e-16 -5 
702 4.5 -8.04912e-16 -4.9 
703 4.5 -8.04912e-16 -4.8 
704 4.5 -8.04912e-16 -4.7 
705 4.5 0.1 -4.7 
706 4.5 0.1 -4.6 
707 4.5 0.1 -4.5 
708 4.5 0.1 -4.4 
709 4.5 0.1 -4.3 
710 4.5 0.1 -4.2 
711 4.5 0.1 -4.1 
712 4.5 0.1 -4 
713 4.5 0.1 -3.9 
714 4.5 0.1 -3.8 
715 4.5 0.1 -3.9 
716 4.5 0.1 -4 
717 4.5 0.1 -4.1 
718 4.5 0.1 -4.2 
719 4.5 0.1 -4.3 
720 4.5 0.1 -4.4 
721 4.5 0.1 -4.5 
722 4.5 0.1 -4.6 
723 4.5 0.1 -4.7 
724 4.5 0.1 -4.8 
725 4.5 0.1 -4.9 
726 4.5 0.1 -5 
727 4.5 0.1 -5.1 
728 4.5 0.1 -5.2 
729 4.5 -8.04912e-16 -5.2 
730 4.5 -0.1 -5.2 
731 4.5 -0.2 -5.2 
732 4.5 -0.3 -5.2 
733 4.5 -0.4 -5.2 
734 4.5 -0.5 -5.2 
735 4.5 -0.5 -5.3 
736 4.5 -0.5 -5.4 
737 4.5 -0.5 -5.5 
738 4.5 -0.6 -5.5 
739 4.5 -0.7 -5.5 
740 4.5 -0.8 -5.5 
741 4.5 -0.9 -5.5 
742 4.5 -0.9 -5.4 
743 4.5 -0.9 -5.3 
744 4.5 -0.9 -5.2 
745 4.5 -0.9 -5.1 
746 4.5 -0.9 -5 
747 4.5 -0.9 -4.9 
748 4.5 -0.9 -4.8 
749 4.5 -0.9 -4.7 
750 4.5 -0.9 -4.6 
751 4.5 -0.9 -4.5 
752 4.5 -0.9 -4.4 
753 4.5 -0.9 -4.3 
754 4.5 -0.9 -4.2 
755 4.5 -0.9 -4.1 
756 4.5 -0.9 -4 
757 4.5 -0.9 -3.9 
758 4.5 -0.9 -3.8 
759 4.5 -0.9 -3.7 
760 4.5 -0.9 -3.6 
761 4.5 -0.9 -3.5 
762 4.5 -0.9 -3.4 
763 4.5 -0.9 -3.3 
764 4.5 -0.9 -3.2 
765 4.5 -0.9 -3.1 
766 4.5 -0.9 -3 
767 4.5 -0.9 -2.9 
768 4.5 -0.9 -3 
769 4.5 -0.9 -3.1 
770 4.5 -0.9 -3.2 
771 4.5 -0.9 -3.3 
772 4.5 -0.9 -3.4 
773 4.5 -0.9 -3.5 
774 4.5 -0.9 -3.6 
775 4.5 -0.9 -3.7 
776 4.5 -0.9 -3.8 
777 4.5 -0.9 -3.9 
778 4.5 -0.9 -4 
779 4.5 -0.9 -4.1 
780 4.5 -0.9 -4.2 
781 4.5 -0.9 -4.3 
782 4.5 -0.9 -4.4 
783 4.5 -0.9 -4.5 
784 4.5 -0.9 -4.6 
785 4.5 -0.9 -4.7 
786 4.5 -0.9 -4.8 
787 4.5 -0.9 -4.9 
788 4.5 -0.8 -4.9 
789 4.5 -0.7 -4.9 
790 4.5 -0.6 -4.9 
791 4.5 -0.5 -4.9 
792 4.5 -0.4 -4.9 
793 4.5 -0.3 -4.9 
794 4.5 -0.2 -4.9 
795 4.5 -0.1 -4.9 
796 4.5 -8.04912e-16 -4.9 
797 4.5 0.1 -4.9 
798 4.5 0.1 -4.8 
799 4.5 0.1 -4.7 
800 4.5 0.1 -4.6 
801 4.5 0.1 -4.7 
802 4.5 0.1 -4.8 
803 4.5 0.1 -4.9 
804 4.5 0.1 -5 
805 4.5 0.1 -5.1 
806 4.5 0.2 -5.1 
807 4.5 0.3 -5.1 
808 4.5 0.4 -5.1 
809 4.5 0.5 -5.1 
810 4.5 0.6 -5.1 
811 4.5 0.7 -5.1 
812 4.5 0.8 -5.1 
813 4.5 0.9 -5.1 
814 4.5 1 -5.1 
815 4.5 1.1 -5.1 
816 4.5 1.2 -5.1 
817 4.5 1.3 -5.1 
818 4.5 1.4 -5.1 
819 4.5 1.5 -5.1 
820 4.5 1.6 -5.1 
821 4.5 1.7 -5.1 
822 4.5 1.8 -5.1 
823 4.5 1.9 -5.1 
824 4.5 2 -5.1 
825 4.5 2.1 -5.1 
826 4.5 2.2 -5.1 
827 4.5 2.2 -5.2 
828 4.5 2.2 -5.3 
829 4.5 2.2 -5.2 
830 4.5 2.2 -5.1 
831 4.5 2.2 -5 
832 4.5 2.2 -4.9 
833 4.5 2.2 -4.8 
834 4.5 2.2 -4.7 
835 4.5 2.2 -4.6 
836 4.5 2.2 -4.5 
837 4.5 2.2 -4.4 
838 4.5 2.2 -4.3 
839 4.5 2.2 -4.2 
840 4.5 2.2 -4.1 
841 4.5 2.2 -4 
842 4.5 2.2 -3.9 
843 4.5 2.2 -3.8 
844 4.5 2.2 -3.7 
845 4.5 2.2 -3.6 
846 4.5 2.2 -3.5 
847 4.5 2.2 -3.4 
848 4.5 2.2 -3.3 
849 4.5 2.2 -3.2 
850 4.5 2.2 -3.1 
851 4.5 2.1 -3.1 
852 4.5 2 -3.1 
853 4.4 2 -3.1 
854 4.3 2 -3.1 
855 4.2 2 -3.1 
856 4.1 2 -3.1 
857 4 2 -3.1 
858 3.9 2 -3.1 
859 3.8 2 -3.1 
860 3.7 2 -3.1 
861 3.6 2 -3.1 
862 3.7 2 -3.1 
863 3.8 2 -3.1 
864 3.9 2 -3.1 
865 4 2 -3.1 
866 4.1 2 -3.1 
867 4.2 2 -3.1 
868 4.3 2 -3.1 
869 4.4 2 -3.1 
870 4.5 2 -3.1 
871 4.5 1.9 -3.1 
872 4.5 1.8 -3.1 
873 4.5 1.7 -3.1 
874 4.5 1.7 -3 
875 4.5 1.7 -2.9 
876 4.5 1.7 -2.8 
877 4.5 1.6 -2.8 
878 4.5 1.5 -2.8 
879 4.5 1.4 -2.8 
880 4.5 1.3 -2.8 
881 4.4 1.3 -2.8 
882 4.3 1.3 -2.8 
883 4.2 1.3 -2.8 
884 4.1 1.3 -2.8 
885 4 1.3 -2.8 
886 3.9 1.3 -2.8 
887 3.8 1.3 -2.8 
888 3.7 1.3 -2.8 
889 3.6 1.3 -2.8 
890 3.5 1.3 -2.8 
891 3.4 1.3 -2.8 
892 3.3 1.3 -2.8 
893 3.2 1.3 -2.8 
894 3.1 1.3 -2.8 
895 3 1.3 -2.8 
896 2.9 1.3 -2.8 
897 2.8 1.3 -2.8 
898 2.7 1.3 -2.8 
899 2.7 1.3 -2.9 
900 2.7 1.3 -3 
901 2.7 1.3 -3.1 
902 2.7 1.3 -3.2 
903 2.8 1.3 -3.2 
904 2.9 1.3 -3.2 
905 3 1.3 -3.2 
906 3.1 1.3 -3.2 
907 3.2 1.3 -3.2 
908 3.3 1.3 -3.2 
909 3.4 1.3 -3.2 
910 3.5 1.3 -3.2 
911 3.6 1.3 -3.2 
912 3.7 1.3 -3.2 
913 3.8 1.3 -3.2 
914 3.9 1.3 -3.2 
915 3.9 1.3 -3.1 
916 3.9 1.3 -3 
917 3.9 1.3 -2.9 
918 3.9 1.3 -2.8 
919 3.9 1.3 -2.7 
920 3.9 1.2 -2.7 
921 3.9 1.1 -2.7 
922 3.9 1 -2.7 
923 3.9 0.9 -2.7 
924 3.9 0.8 -2.7 
925 3.9 0.7 -2.7 
926 3.9 0.6 -2.7 
927 3.9 0.5 -2.7 
928 3.9 0.4 -2.7 
929 3.9 0.3 -2.7 
930 3.9 0.3 -2.6 
931 3.9 0.3 -2.5 
932 3.9 0.3 -2.4 
933 3.9 0.2 -2.4 
934 3.9 0.1 -2.4 
935 3.9 -6.38378e-16 -2.4 
936 3.9 -0.1 -2.4 
937 3.9 -0.2 -2.4 
938 3.9 -0.3 -2.4 
939 3.9 -0.3 -2.3 
940 3.9 -0.3 -2.2 
941 3.9 -0.3 -2.1 
942 3.9 -0.2 -2.1 
943 3.9 -0.1 -2.1 
944 3.9 -6.38378e-16 -2.1 
945 3.9 0.1 -2.1 
946 3.9 0.2 -2.1 
947 3.9 0.3 -2.1 
948 3.9 0.4 -2.1 
949 3.9 0.5 -2.1 
950 3.9 0.6 -2.1 
951 3.9 0.7 -2.1 
952 3.9 0.8 -2.1 
953 3.9 0.9 -2.1 
954 3.9 1 -2.1 
955 3.9 1.1 -2.1 
956 3.9 1.2 -2.1 
957 3.9 1.2 -2.2 
958 3.9 1.2 -2.3 
959 3.9 1.2 -2.4 
960 3.9 1.2 -2.5 
961 3.9 1.2 -2.6 
962 3.9 1.2 -2.7 
963 3.8 1.2 -2.7 
964 3.7 1.2 -2.7 
965 3.6 1.2 -2.7 
966 3.5 1.2 -2.7 
967 3.4 1.2 -2.7 
968 3.3 1.2 -2.7 
969 3.2 1.2 -2.7 
970 3.1 1.2 -2.7 
971 3 1.2 -2.7 
972 3 1.3 -2.7 
973 3 1.4 -2.7 
974 3 1.5 -2.7 
975 3 1.6 -2.7 
976 3 1.7 -2.7 
977 3 1.8 -2.7 
978 3 1.9 -2.7 
979 3 2 -2.7 
980 3 2.1 -2.7 
981 3 2.1 -2.8 
982 3 2.1 -2.9 
983 3 2.1 -3 
984 3 2.1 -3.1 
985 3 2.1 -3.2 
986 3 2.1 -3.3 
987 3 2.1 -3.4 
988 3 2.1 -3.5 
989 3 2.1 -3.6 
990 3 2.1 -3.7 
991 3 2.1 -3.8 
992 3 2.2 -3.8 
993 3 2.3 -3.8 
994 3 2.4 -3.8 
995 3 2.5 -3.8 
996 3.1 2.5 -3.8 
997 3.2 2.5 -3.8 
998 3.3 2.5 -3.8 
999 3.4 2.5 -3.8 
1000 3.5 2.5 -3.8 
1001 3.6 2.5 -3.8 
1002 3.7 2.5 -3.8 
1003 3.8 2.5 -3.8 
1004 3.9 2.5 -3.8 
1005 4 2.5 -3.8 
1006 4.1 2.5 -3.8 
1007 4.2 2.5 -3.8 
1008 4.3 2.5 -3.8 
1009 4.4 2.5 -3.8 
1010 4.4 2.5 -3.9 
1011 4.4 2.5 -4 
1012 4.4 2.5 -4.1 
1013 4.3 2.5 -4.1 
1014 4.2 2.5 -4.1 
1015 4.1 2.5 -4.1 
1016 4 2.5 -4.1 
1017 3.9 2.5 -4.1 
1018 3.8 2.5 -4.1 
1019 3.8 2.5 -4.2 
1020 3.8 2.5 -4.3 
1021 3.8 2.5 -4.2 
1022 3.8 2.5 -4.1 
1023 3.8 2.5 -4 
1024 3.8 2.5 -3.9 
1025 3.8 2.5 -3.8 
1026 3.8 2.5 -3.7 
1027 3.7 2.5 -3.7 
1028 3.6 2.5 -3.7 
1029 3.5 2.5 -3.7 
1030 3.4 2.5 -3.7 
1031 3.4 2.5 -3.6 
1032 3.4 2.5 -3.5 
1033 3.4 2.4 -3.5 
1034 3.4 2.3 -3.5 
1035 3.4 2.2 -3.5 
1036 3.4 2.1 -3.5 
1037 3.4 2 -3.5 
1038 3.4 1.9 -3.5 
1039 3.4 1.8 -3.5 
1040 3.4 1.7 -3.5 
1041 3.4 1.6 -3.5 
1042 3.4 1.5 -3.5 
1043 3.4 1.5 -3.4 
1044 3.4 1.5 -3.3 
1045 3.4 1.5 -3.2 
1046 3.4 1.5 -3.1 
1047 3.4 1.5 -3 
1048 3.4 1.5 -2.9 
1049 3.4 1.5 -2.8 
1050 3.4 1.5 -2.7 
1051 3.4 1.5 -2.6 
1052 3.4 1.5 -2.5 
1053 3.4 1.4 -2.5 
1054 3.4 1.3 -2.5 
1055 3.4 1.2 -2.5 
1056 3.4 1.1 -2.5 
1057 3.4 1 -2.5 
1058 3.5 1 -2.5 
1059 3.6 1 -2.5 
1060 3.7 1 -2.5 
1061 3.8 1 -2.5 
1062 3.9 1 -2.5 
1063 4 1 -2.5 
1064 4.1 1 -2.5 
1065 4.2 1 -2.5 
1066 4.2 0.9 -2.5 
1067 4.2 0.8 -2.5 
1068 4.2 0.7 -2.5 
1069 4.2 0.6 -2.5 
1070 4.2 0.5 -2.5 
1071 4.2 0.4 -2.5 
1072 4.2 0.3 -2.5 
1073 4.2 0.2 -2.5 
1074 4.2 0.1 -2.5 
1075 4.2 -6.38378e-16 -2.5 
1076 4.2 -0.1 -2.5 
1077 4.2 -0.2 -2.5 
1078 4.1 -0.2 -2.5 
1079 4 -0.2 -2.5 
1080 4 -0.2 -2.6 
1081 4 -0.2 -2.5 
1082 4 -0.2 -2.4 
1083 4 -0.2 -2.3 
1084 4 -0.2 -2.2 
1085 4 -0.2 -2.1 
1086 4 -0.1 -2.1 
1087 4 -6.38378e-16 -2.1 
1088 4 0.1 -2.1 
1089 4 0.2 -2.1 
1090 4 0.2 -2 
1091 4 0.2 -1.9 
1092 4 0.3 -1.9 
1093 4 0.4 -1.9 
1094 4 0.5 -1.9 
1095 4 0.6 -1.9 
1096 4 0.7 -1.9 
1097 4 0.8 -1.9 
1098 4 0.9 -1.9 
1099 4 1 -1.9 
1100 4 1.1 -1.9 
1101 4 1.2 -1.9 
1102 4 1.3 -1.9 
1103 4 1.4 -1.9 
1104 4 1.5 -1.9 
1105 4 1.6 -1.9 
1106 4 1.7 -1.9 
1107 4 1.8 -1.9 
1108 4.1 1.8 -1.9 
1109 4.2 1.8 -1.9 
1110 4.3 1.8 -1.9 
1111 4.3 1.7 -1.9 
1112 4.3 1.6 -1.9 
1113 4.3 1.5 -1.9 
1114 4.3 1.4 -1.9 
1115 4.3 1.3 -1.9 
1116 4.3 1.2 -1.9 
1117 4.3 1.1 -1.9 
1118 4.3 1 -1.9 
1119 4.3 0.9 -1.9 
1120 4.3 0.8 -1.9 
1121 4.3 0.7 -1.9 
1122 4.3 0.6 -1.9 
1123 4.3 0.5 -1.9 
1124 4.3 0.4 -1.9 
1125 4.3 0.3 -1.9 
1126 4.3 0.2 -1.9 
1127 4.3 0.3 -1.9 
1128 4.3 0.4 -1.9 
1129 4.3 0.5 -1.9 
1130 4.3 0.6 -1.9 
1131 4.3 0.7 -1.9 
1132 4.3 0.8 -1.9 
1133 4.3 0.9 -1.9 
1134 4.3 1 -1.9 
1135 4.3 1.1 -1.9 
1136 4.3 1.2 -1.9 
1137 4.3 1.3 -1.9 
1138 4.3 1.4 -1.9 
1139 4.3 1.5 -1.9 
1140 4.3 1.6 -1.9 
1141 4.3 1.7 -1.9 
1142 4.3 1.8 -1.9 
1143 4.3 1.9 -1.9 
1144 4.3 2 -1.9 
1145 4.3 2.1 -1.9 
1146 4.3 2.2 -1.9 
1147 4.3 2.3 -1.9 
1148 4.3 2.4 -1.9 
1149 4.3 2.5 -1.9 
1150 4.3 2.6 -1.9 
1151 4.3 2.7 -1.9 
1152 4.3 2.8 -1.9 
1153 4.3 2.9 -1.9 
1154 4.3 3 -1.9 
1155 4.3 3.1 -1.9 
1156 4.2 3.1 -1.9 
1157 4.1 3.1 -1.9 
1158 4 3.1 -1.9 
1159 3.9 3.1 -1.9 
1160 3.8 3.1 -1.9 
1161 3.7 3.1 -1.9 
1162 3.6 3.1 -1.9 
1163 3.5 3.1 -1.9 
1164 3.5 3.2 -1.9 
1165 3.5 3.3 -1.9 
1166 3.5 3.4 -1.9 
1167 3.5 3.5 -1.9 
1168 3.5 3.6 -1.9 
1169 3.5 3.7 -1.9 
1170 3.5 3.8 -1.9 
1171 3.5 3.9 -1.9 
1172 3.5 4 -1.9 
1173 3.5 4.1 -1.9 
1174 3.5 4.2 -1.9 
1175 3.5 4.3 -1.9 
1176 3.5 4.4 -1.9 
1177 3.5 4.5 -1.9 
1178 3.5 4.6 -1.9 
1179 3.5 4.7 -1.9 
1180 3.5 4.8 -1.9 
1181 3.4 4.8 -1.9 
1182 3.3 4.8 -1.9 
1183 3.2 4.8 -1.9 
1184 3.1 4.8 -1.9 
1185 3 4.8 -1.9 
1186 2.9 4.8 -1.9 
1187 2.9 4.8 -2 
1188 2.9 4.8 -2.1 
1189 2.9 4.8 -2.2 
1190 2.9 4.7 -2.2 
1191 2.9 4.6 -2.2 
1192 2.9 4.5 -2.2 
1193 2.9 4.4 -2.2 
1194 2.9 4.3 -2.2 
1195 2.9 4.2 -2.2 
1196 2.8 4.2 -2.2 
1197 2.7 4.2 -2.2 
1198 2.6 4.2 -2.2 
1199 2.5 4.2 -2.2 
1200 2.5 4.2 -2.3 
1201 2.5 4.2 -2.4 
1202 2.5 4.2 -2.5 
1203 2.4 4.2 -2.5 
1204 2.3 4.2 -2.5 
1205 2.2 4.2 -2.5 
1206 2.1 4.2 -2.5 
1207 2 4.2 -2.5 
1208 2 4.3 -2.5 
1209 2 4.4 -2.5 
1210 2 4.5 -2.5 
1211 2 4.6 -2.5 
1212 2 4.7 -2.5 
1213 2 4.8 -2.5 
1214 2 4.9 -2.5 
1215 2 5 -2.5 
1216 2 5.1 -2.5 
1217 2 5.2 -2.5 
1218 2 5.2 -2.6 
1219 2 5.2 -2.7 
1220 2 5.2 -2.8 
1221 2 5.2 -2.9 
1222 2.1 5.2 -2.9 
1223 2.2 5.2 -2.9 
1224 2.3 5.2 -2.9 
1225 2.4 5.2 -2.9 
1226 2.5 5.2 -2.9 
1227 2.6 5.2 -2.9 
1228 2.7 5.2 -2.9 
1229 2.8 5.2 -2.9 
1230 2.9 5.2 -2.9 
1231 3 5.2 -2.9 
1232 3.1 5.2 -2.9 
1233 3.2 5.2 -2.9 
1234 3.2 5.2 -2.8 
1235 3.2 5.2 -2.7 
1236 3.2 5.2 -2.6 
1237 3.2 5.2 -2.5 
1238 3.2 5.1 -2.5 
1239 3.2 5 -2.5 
1240 3.2 4.9 -2.5 
1241 3.2 4.8 -2.5 
1242 3.2 4.7 -2.5 
1243 3.2 4.6 -2.5 
1244 3.2 4.5 -2.5 
1245 3.2 4.4 -2.5 
1246 3.2 4.3 -2.5 
1247 3.2 4.2 -2.5 
1248 3.2 4.1 -2.5 
1249 3.2 4 -2.5 
1250 3.2 3.9 -2.5 
1251 3.2 3.8 -2.5 
1252 3.2 3.8 -2.4 
1253 3.2 3.8 -2.3 
1254 3.2 3.8 -2.2 
1255 3.2 3.8 -2.1 
1256 3.2 3.7 -2.1 
1257 3.2 3.6 -2.1 
1258 3.2 3.5 -2.1 
1259 3.2 3.4 -2.1 
1260 3.2 3.4 -2 
1261 3.2 3.4 -1.9 
1262 3.2 3.4 -1.8 
1263 3.2 3.4 -1.9 
1264 3.2 3.4 -2 
1265 3.1 3.4 -2 
1266 3 3.4 -2 
1267 3.1 3.4 -2 
1268 3.2 3.4 -2 
1269 3.3 3.4 -2 
1270 3.4 3.4 -2 
1271 3.5 3.4 -2 
1272 3.6 3.4 -2 
1273 3.7 3.4 -2 
1274 3.8 3.4 -2 
1275 3.9 3.4 -2 
1276 4 3.4 -2 
1277 4.1 3.4 -2 
1278 4.2 3.4 -2 
1279 4.3 3.4 -2 
1280 4.4 3.4 -2 
1281 4.4 3.4 -1.9 
1282 4.4 3.4 -1.8 
1283 4.4 3.4 -1.7 
1284 4.4 3.4 -1.6 
1285 4.4 3.4 -1.5 
1286 4.4 3.4 -1.4 
1287 4.4 3.4 -1.3 
1288 4.4 3.4 -1.2 
1289 4.4 3.4 -1.1 
1290 4.3 3.4 -1.1 
1291 4.2 3.4 -1.1 
1292 4.1 3.4 -1.1 
1293 4 3.4 -1.1 
1294 3.9 3.4 -1.1 
1295 3.8 3.4 -1.1 
1296 3.8 3.5 -1.1 
1297 3.8 3.6 -1.1 
1298 3.8 3.7 -1.1 
1299 3.8 3.8 -1.1 
1300 3.8 3.9 -1.1 
1301 3.8 4 -1.1 
1302 3.8 4.1 -1.1 
1303 3.8 4.2 -1.1 
1304 3.8 4.3 -1.1 
1305 3.8 4.4 -1.1 
1306 3.8 4.5 -1.1 
1307 3.8 4.6 -1.1 
1308 3.8 4.7 -1.1 
1309 3.8 4.8 -1.1 
1310 3.8 4.9 -1.1 
1311 3.8 5 -1.1 
1312 3.8 5.1 -1.1 
1313 3.8 5.2 -1.1 
1314 3.8 5.2 -1 
1315 3.8 5.2 -0.9 
1316 3.8 5.2 -0.8 
1317 3.9 5.2 -0.8 
1318 4 5.2 -0.8 
1319 4.1 5.2 -0.8 
1320 4.2 5.2 -0.8 
1321 4.2 5.1 -0.8 
1322 4.2 5 -0.8 
1323 4.2 4.9 -0.8 
1324 4.2 4.8 -0.8 
1325 4.2 4.7 -0.8 
1326 4.2 4.6 -0.8 
1327 4.3 4.6 -0.8 
1328 4.4 4.6 -0.8 
1329 4.4 4.7 -0.8 
1330 4.4 4.8 -0.8 
1331 4.4 4.9 -0.8 
1332 4.4 5 -0.8 
1333 4.4 5.1 -0.8 
1334 4.4 5.2 -0.8 
1335 4.5 5.2 -0.8 
1336 4.6 5.2 -0.8 
1337 4.6 5.1 -0.8 
1338 4.6 5 -0.8 
1339 4.6 4.9 -0.8 
1340 4.6 4.9 -0.7 
1341 4.6 4.9 -0.6 
1342 4.6 4.9 -0.5 
1343 4.6 4.9 -0.4 
1344 4.6 4.8 -0.4 
1345 4.6 4.7 -0.4 
1346 4.6 4.6 -0.4 
1347 4.6 4.5 -0.4 
1348 4.6 4.4 -0.4 
1349 4.5 4.4 -0.4 
1350 4.4 4.4 -0.4 
1351 4.3 4.4 -0.4 
1352 4.2 4.4 -0.4 
1353 4.1 4.4 -0.4 
1354 4 4.4 -0.4 
1355 4 4.4 -0.3 
1356 4 4.4 -0.2 
1357 4 4.5 -0.2 
1358 4 4.6 -0.2 
1359 4 4.7 -0.2 
1360 4 4.8 -0.2 
1361 4 4.9 -0.2 
1362 4 5 -0.2 
1363 4 5.1 -0.2 
1364 4 5.2 -0.2 
1365 4 5.3 -0.2 
1366 4 5.3 -0.1 
1367 4.1 5.3 -0.1 
1368 4.2 5.3 -0.1 
1369 4.3 5.3 -0.1 
1370 4.4 5.3 -0.1 
1371 4.5 5.3 -0.1 
1372 4.5 5.2 -0.1 
1373 4.5 5.1 -0.1 
1374 4.5 5 -0.1 
1375 4.6 5 -0.1 
1376 4.7 5 -0.1 
1377 4.8 5 -0.1 
1378 4.9 5 -0.1 
1379 5 5 -0.1 
1380 5.1 5 -0.1 
1381 5.2 5 -0.1 
1382 5.3 5 -0.1 
1383 5.4 5 -0.1 
1384 5.5 5 -0.1 
1385 5.6 5 -0.1 
1386 5.7 5 -0.1 
1387 5.8 5 -0.1 
1388 5.9 5 -0.1 
1389 6 5 -0.1 
1390 6 5 6.38378e-16 
1391 6 5 0.1 
1392 6 5 0.2 
1393 5.9 5 0.2 
1394 5.8 5 0.2 
1395 5.7 5 0.2 
1396 5.6 5 0.2 
1397 5.5 5 0.2 
1398 5.4 5 0.2 
1399 5.3 5 0.2 
1400 5.2 5 0.2 
1401 5.1 5 0.2 
1402 5 5 0.2 
1403 4.9 5 0.2 
1404 4.8 5 0.2 
1405 4.7 5 0.2 
1406 4.6 5 0.2 
1407 4.5 5 0.2 
1408 4.4 5 0.2 
1409 4.3 5 0.2 
1410 4.3 5.1 0.2 
1411 4.3 5.1 0.3 
1412 4.3 5.1 0.4 
1413 4.3 5.1 0.5 
1414 4.3 5.1 0.4 
1415 4.3 5.1 0.3 
1416 4.3 5.1 0.2 
1417 4.3 5.1 0.1 
1418 4.3 5.1 6.93889e-16 
1419 4.3 5.1 -0.1 
1420 4.3 5.1 -0.2 
1421 4.3 5.1 -0.3 
1422 4.3 5.1 -0.4 
1423 4.3 5.1 -0.5 
1424 4.3 5.1 -0.6 
1425 4.2 5.1 -0.6 
1426 4.1 5.1 -0.6 
1427 4 5.1 -0.6 
1428 3.9 5.1 -0.6 
1429 3.8 5.1 -0.6 
1430 3.9 5.1 -0.6 
1431 3.9 5 -0.6 
1432 3.9 4.9 -0.6 
1433 3.9 4.8 -0.6 
1434 3.9 4.7 -0.6 
1435 3.8 4.7 -0.6 
1436 3.8 4.7 -0.7 
1437 3.8 4.7 -0.8 
1438 3.8 4.7 -0.9 
1439 3.8 4.7 -1 
1440 3.8 4.7 -1.1 
1441 3.8 4.7 -1.2 
1442 3.8 4.7 -1.3 
1443 3.7 4.7 -1.3 
1444 3.6 4.7 -1.3 
1445 3.5 4.7 -1.3 
1446 3.4 4.7 -1.3 
1447 3.3 4.7 -1.3 
1448 3.3 4.7 -1.4 
1449 3.3 4.7 -1.5 
1450 3.3 4.7 -1.6 
1451 3.3 4.7 -1.7 
1452 3.3 4.7 -1.8 
1453 3.3 4.7 -1.9 
1454 3.3 4.7 -2 
1455 3.2 4.7 -2 
1456 3.1 4.7 -2 
1457 3 4.7 -2 
1458 2.9 4.7 -2 
1459 2.8 4.7 -2 
1460 2.7 4.7 -2 
1461 2.6 4.7 -2 
1462 2.5 4.7 -2 
1463 2.4 4.7 -2 
1464 2.4 4.7 -2.1 
1465 2.4 4.7 -2.2 
1466 2.4 4.7 -2.3 
1467 2.4 4.7 -2.4 
1468 2.4 4.7 -2.5 
1469 2.4 4.7 -2.6 
1470 2.4 4.7 -2.7 
1471 2.4 4.7 -2.8 
1472 2.4 4.7 -2.9 
1473 2.4 4.7 -3 
1474 2.3 4.7 -3 
1475 2.2 4.7 -3 
1476 2.2 4.8 -3 
1477 2.2 4.9 -3 
1478 2.2 5 -3 
1479 2.2 5.1 -3 
1480 2.2 5.2 -3 
1481 2.3 5.2 -3 
1482 2.4 5.2 -3 
1483 2.5 5.2 -3 
1484 2.6 5.2 -3 
1485 2.7 5.2 -3 
1486 2.8 5.2 -3 
1487 2.9 5.2 -3 
1488 3 5.2 -3 
1489 3.1 5.2 -3 
1490 3.2 5.2 -3 
1491 3.2 5.2 -2.9 
1492 3.2 5.2 -2.8 
1493 3.2 5.2 -2.7 
1494 3.2 5.2 -2.6 
1495 3.2 5.2 -2.5 
1496 3.2 5.2 -2.4 
1497 3.2 5.1 -2.4 
1498 3.2 5 -2.4 
1499 3.2 4.9 -2.4 
1500 3.2 4.8 -2.4 
1501 3.2 4.7 -2.4 
1502 3.2 4.6 -2.4 
1503 3.2 4.5 -2.4 
1504 3.2 4.4 -2.4 
1505 3.2 4.3 -2.4 
1506 3.2 4.2 -2.4 
1507 3.1 4.2 -2.4 
1508 3 4.2 -2.4 
1509 2.9 4.2 -2.4 
1510 2.8 4.2 -2.4 
1511 2.8 4.2 -2.5 
1512 2.8 4.2 -2.6 
1513 2.8 4.2 -2.5 
1514 2.8 4.2 -2.4 
1515 2.8 4.2 -2.3 
1516 2.8 4.2 -2.2 
1517 2.8 4.2 -2.1 
1518 2.8 4.2 -2 
1519 2.8 4.2 -1.9 
1520 2.8 4.2 -1.8 
1521 2.8 4.2 -1.7 
