1 0 0 0.1 5 
2 0 0 0.2 5 
3 0.0980067 0.0198669 0.2 2 
4 0.196013 0.0397339 0.2 2 
5 0.29402 0.0596008 0.2 2 
6 0.29402 0.0596008 0.3 5 
7 0.29402 0.0596008 0.4 5 
8 0.386126 0.0985426 0.4 2 
9 0.386126 0.0985426 0.5 5 
10 0.473884 0.146485 0.5 2 
11 0.473884 0.146485 0.6 5 
12 0.473884 0.146485 0.7 5 
13 0.473884 0.146485 0.8 5 
14 0.473884 0.146485 0.9 5 
15 0.411723 0.0681525 0.9 1 
16 0.349562 -0.0101802 0.9 1 
17 0.349562 -0.0101802 1 5 
18 0.349562 -0.0101802 1.1 5 
19 0.304203 -0.0993009 1.1 1 
20 0.258843 -0.188422 1.1 1 
21 0.258843 -0.188422 1.2 5 
22 0.222607 -0.281626 1.2 1 
23 0.186372 -0.374829 1.2 1 
24 0.186372 -0.374829 1.3 5 
25 0.159622 -0.471185 1.3 1 
26 0.132872 -0.567541 1.3 1 
27 0.132872 -0.567541 1.4 5 
28 0.115875 -0.666086 1.4 1 
29 0.115875 -0.666086 1.5 5 
30 0.108801 -0.765836 1.5 1 
31 0.108801 -0.765836 1.6 5 
32 0.108801 -0.765836 1.7 5 
33 0.121686 -0.865002 1.7 1 
34 0.13457 -0.964169 1.7 1 
35 0.147455 -1.06334 1.7 1 
36 0.160339 -1.1625 1.7 1 
37 0.173224 -1.26167 1.7 1 
38 0.186108 -1.36083 1.7 1 
39 0.186108 -1.36083 1.8 5 
40 0.208828 -1.45822 1.8 1 
41 0.208828 -1.45822 1.9 5 
42 0.241157 -1.55285 1.9 1 
43 0.273486 -1.64748 1.9 1 
44 0.305815 -1.74211 1.9 1 
45 0.338144 -1.83674 1.9 1 
46 0.370473 -1.93137 1.9 1 
47 0.370473 -1.93137 2 5 
48 0.412088 -2.0223 2 1 
49 0.453702 -2.11323 2 1 
50 0.453702 -2.11323 2.1 5 
51 0.504187 -2.19955 2.1 1 
52 0.554672 -2.28587 2.1 1 
53 0.605156 -2.37219 2.1 1 
54 0.605156 -2.37219 2.2 5 
55 0.605156 -2.37219 2.1 6 
56 0.655641 -2.45851 2.1 1 
57 0.706125 -2.54483 2.1 1 
58 0.706125 -2.54483 2 6 
59 0.74774 -2.63576 2 1 
60 0.74774 -2.63576 1.9 6 
61 0.780069 -2.73039 1.9 1 
62 0.780069 -2.73039 1.8 6 
63 0.802789 -2.82778 1.8 1 
64 0.802789 -2.82778 1.7 6 
65 0.802789 -2.82778 1.8 5 
66 0.802789 -2.82778 1.9 5 
67 0.835118 -2.92241 1.9 1 
68 0.835118 -2.92241 2 5 
69 0.876733 -3.01334 2 1 
70 0.876733 -3.01334 2.1 5 
71 0.927218 -3.09966 2.1 1 
72 0.927218 -3.09966 2.2 5 
73 0.927218 -3.09966 2.3 5 
74 0.993845 -3.17423 2.3 1 
75 0.993845 -3.17423 2.4 5 
76 0.993845 -3.17423 2.5 5 
77 1.07396 -3.23408 2.5 1 
78 1.07396 -3.23408 2.6 5 
79 1.07396 -3.23408 2.7 5 
80 1.16437 -3.27681 2.7 1 
81 1.16437 -3.27681 2.8 5 
82 1.25859 -3.31031 2.8 1 
83 1.35281 -3.34381 2.8 1 
84 1.44703 -3.37731 2.8 1 
85 1.54126 -3.41081 2.8 1 
86 1.63548 -3.44431 2.8 1 
87 1.7297 -3.47781 2.8 1 
88 1.82392 -3.51131 2.8 1 
89 1.82392 -3.51131 2.7 6 
90 1.82392 -3.51131 2.6 6 
91 1.82392 -3.51131 2.5 6 
92 1.90404 -3.57115 2.5 1 
93 1.98415 -3.631 2.5 1 
94 1.98415 -3.631 2.6 5 
95 1.98415 -3.631 2.7 5 
96 1.98415 -3.631 2.8 5 
97 2.07837 -3.6645 2.8 1 
98 2.07837 -3.6645 2.9 5 
99 2.17547 -3.68842 2.9 1 
100 2.27256 -3.71235 2.9 1 
101 2.27256 -3.71235 3 5 
102 2.27256 -3.71235 3.1 5 
103 2.27256 -3.71235 3.2 5 
104 2.27256 -3.71235 3.3 5 
105 2.37131 -3.69657 3.3 1 
106 2.47006 -3.6808 3.3 1 
107 2.56881 -3.66503 3.3 1 
108 2.56881 -3.66503 3.4 5 
109 2.56881 -3.66503 3.5 5 
110 2.66245 -3.62995 3.5 1 
111 2.66245 -3.62995 3.6 5 
112 2.75213 -3.5857 3.6 1 
113 2.84181 -3.54144 3.6 1 
114 2.93148 -3.49719 3.6 1 
115 3.02116 -3.45294 3.6 1 
116 3.02116 -3.45294 3.5 6 
117 3.02116 -3.45294 3.4 6 
118 3.11784 -3.42738 3.4 1 
119 3.21452 -3.40183 3.4 1 
120 3.21452 -3.40183 3.3 6 
121 3.31327 -3.38606 3.3 1 
122 3.31327 -3.38606 3.2 6 
123 3.41309 -3.38022 3.2 1 
124 3.41309 -3.38022 3.1 6 
125 3.51301 -3.38438 3.1 1 
126 3.51301 -3.38438 3 6 
127 3.61201 -3.39849 3 1 
128 3.61201 -3.39849 2.9 6 
129 3.7091 -3.42241 2.9 1 
130 3.7091 -3.42241 3 5 
131 3.7091 -3.42241 3.1 5 
132 3.7091 -3.42241 3.2 5 
133 3.80893 -3.41658 3.2 1 
134 3.90876 -3.41074 3.2 1 
135 4.00859 -3.4049 3.2 1 
136 4.10842 -3.39906 3.2 1 
137 4.10842 -3.39906 3.1 6 
138 4.10842 -3.39906 3 6 
139 4.20742 -3.41318 3 1 
140 4.30642 -3.42729 3 1 
141 4.40542 -3.4414 3 1 
142 4.40542 -3.4414 3.1 5 
143 4.40542 -3.4414 3.2 5 
144 4.40542 -3.4414 3.3 5 
145 4.50417 -3.42563 3.3 1 
146 4.60292 -3.40985 3.3 1 
147 4.70166 -3.39408 3.3 1 
148 4.70166 -3.39408 3.2 6 
149 4.80149 -3.38824 3.2 1 
150 4.90132 -3.3824 3.2 1 
151 4.90132 -3.3824 3.1 6 
152 4.90132 -3.3824 3 6 
153 5.00032 -3.39651 3 1 
154 5.09932 -3.41063 3 1 
155 5.09932 -3.41063 2.9 6 
156 5.19642 -3.43455 2.9 1 
157 5.19642 -3.43455 2.8 6 
158 5.29064 -3.46805 2.8 1 
159 5.29064 -3.46805 2.9 5 
160 5.38773 -3.49197 2.9 1 
161 5.48483 -3.5159 2.9 1 
162 5.58193 -3.53982 2.9 1 
163 5.58193 -3.53982 3 5 
164 5.58193 -3.53982 3.1 5 
165 5.58193 -3.53982 3.2 5 
166 5.68176 -3.53399 3.2 1 
167 5.78159 -3.52815 3.2 1 
168 5.88141 -3.52231 3.2 1 
169 5.88141 -3.52231 3.3 5 
170 5.98016 -3.50654 3.3 1 
171 5.98016 -3.50654 3.4 5 
172 5.98016 -3.50654 3.5 5 
173 6.07381 -3.47146 3.5 1 
174 6.16745 -3.43638 3.5 1 
175 6.2611 -3.4013 3.5 1 
176 6.2611 -3.4013 3.6 5 
177 6.35078 -3.35705 3.6 1 
178 6.44045 -3.3128 3.6 1 
179 6.53013 -3.26855 3.6 1 
180 6.6198 -3.22429 3.6 1 
181 6.70948 -3.18004 3.6 1 
182 6.70948 -3.18004 3.7 5 
183 6.79429 -3.12706 3.7 1 
184 6.8791 -3.07407 3.7 1 
185 6.96391 -3.02109 3.7 1 
186 6.96391 -3.02109 3.8 5 
187 6.96391 -3.02109 3.9 5 
188 6.96391 -3.02109 4 5 
189 6.88823 -2.95573 4 3 
190 6.81255 -2.89036 4 3 
191 6.88823 -2.95573 4 4 
192 6.96391 -3.02109 4 4 
193 7.03959 -3.08646 4 4 
194 7.11527 -3.15182 4 4 
195 7.19095 -3.21718 4 4 
196 7.25631 -3.1415 4 1 
197 7.25631 -3.1415 4.1 5 
198 7.3138 -3.05968 4.1 1 
199 7.3138 -3.05968 4.2 5 
200 7.36282 -2.97252 4.2 1 
201 7.36282 -2.97252 4.3 5 
202 7.36282 -2.97252 4.4 5 
203 7.36282 -2.97252 4.5 5 
204 7.3839 -2.87477 4.5 1 
205 7.40498 -2.77701 4.5 1 
206 7.40498 -2.77701 4.6 5 
207 7.40498 -2.77701 4.7 5 
208 7.40498 -2.77701 4.8 5 
209 7.39623 -2.6774 4.8 1 
210 7.38748 -2.57778 4.8 1 
211 7.38748 -2.57778 4.9 5 
212 7.38748 -2.57778 5 5 
213 7.38748 -2.57778 5.1 5 
214 7.34968 -2.4852 5.1 1 
215 7.31189 -2.39262 5.1 1 
216 7.31189 -2.39262 5 6 
217 7.31189 -2.39262 4.9 6 
218 7.29323 -2.29437 4.9 1 
219 7.29323 -2.29437 4.8 6 
220 7.28448 -2.19476 4.8 1 
221 7.28448 -2.19476 4.7 6 
222 7.28448 -2.19476 4.6 6 
223 7.28448 -2.19476 4.5 6 
224 7.28448 -2.19476 4.4 6 
225 7.31522 -2.0996 4.4 1 
226 7.34595 -2.00443 4.4 1 
227 7.37669 -1.90927 4.4 1 
228 7.40742 -1.81411 4.4 1 
229 7.40742 -1.81411 4.3 6 
230 7.4475 -1.7225 4.3 1 
231 7.48758 -1.63088 4.3 1 
232 7.52766 -1.53926 4.3 1 
233 7.56774 -1.44765 4.3 1 
234 7.56774 -1.44765 4.2 6 
235 7.56774 -1.44765 4.1 6 
236 7.62522 -1.36582 4.1 1 
237 7.6827 -1.28399 4.1 1 
238 7.74019 -1.20216 4.1 1 
239 7.79767 -1.12034 4.1 1 
240 7.79767 -1.12034 4.2 5 
241 7.79767 -1.12034 4.3 5 
242 7.83775 -1.02872 4.3 1 
243 7.87783 -0.937104 4.3 1 
244 7.87783 -0.937104 4.4 5 
245 7.87783 -0.937104 4.5 5 
246 7.89891 -0.839351 4.5 1 
247 7.91999 -0.741598 4.5 1 
248 7.94107 -0.643845 4.5 1 
249 7.94107 -0.643845 4.6 5 
250 7.94107 -0.643845 4.7 5 
251 7.94231 -0.543853 4.7 1 
252 7.94354 -0.44386 4.7 1 
253 7.94478 -0.343868 4.7 1 
254 7.94602 -0.243876 4.7 1 
255 7.94726 -0.143883 4.7 1 
256 7.94726 -0.143883 4.8 5 
257 7.94726 -0.143883 4.9 5 
258 7.94726 -0.143883 5 5 
259 7.91889 -0.0479909 5 1 
260 7.89053 0.0479015 5 1 
261 7.86216 0.143794 5 1 
262 7.86216 0.143794 5.1 5 
263 7.86216 0.143794 5.2 5 
264 7.81531 0.232139 5.2 1 
265 7.76846 0.320485 5.2 1 
266 7.72161 0.40883 5.2 1 
267 7.72161 0.40883 5.3 5 
268 7.72161 0.40883 5.4 5 
269 7.72161 0.40883 5.5 5 
270 7.65074 0.479384 5.5 1 
271 7.57987 0.549938 5.5 1 
272 7.50901 0.620492 5.5 1 
273 7.43814 0.691046 5.5 1 
274 7.43814 0.691046 5.6 5 
275 7.36058 0.754173 5.6 1 
276 7.28303 0.8173 5.6 1 
277 7.20547 0.880426 5.6 1 
278 7.12791 0.943553 5.6 1 
279 7.12791 0.943553 5.7 5 
280 7.12791 0.943553 5.8 5 
281 7.03936 0.990013 5.8 1 
282 6.95081 1.03647 5.8 1 
283 6.95081 1.03647 5.9 5 
284 6.85806 1.07386 5.9 1 
285 6.76531 1.11125 5.9 1 
286 6.67256 1.14864 5.9 1 
287 6.57982 1.18602 5.9 1 
288 6.48707 1.22341 5.9 1 
289 6.39432 1.2608 5.9 1 
290 6.39432 1.2608 6 5 
291 6.39432 1.2608 6.1 5 
292 6.29599 1.27902 6.1 1 
293 6.19767 1.29723 6.1 1 
294 6.09934 1.31545 6.1 1 
295 6.00101 1.33366 6.1 1 
296 6.00101 1.33366 6 6 
297 6.00101 1.33366 5.9 6 
298 5.90827 1.37105 5.9 1 
299 5.81552 1.40844 5.9 1 
300 5.81552 1.40844 5.8 6 
301 5.81552 1.40844 5.7 6 
302 5.73205 1.46351 5.7 1 
303 5.64858 1.51858 5.7 1 
304 5.5651 1.57365 5.7 1 
305 5.48163 1.62871 5.7 1 
306 5.39816 1.68378 5.7 1 
307 5.39816 1.68378 5.8 5 
308 5.39816 1.68378 5.9 5 
309 5.39816 1.68378 6 5 
310 5.30215 1.71172 6 1 
311 5.20613 1.73967 6 1 
312 5.20613 1.73967 6.1 5 
313 5.20613 1.73967 6.2 5 
314 5.10647 1.74797 6.2 1 
315 5.00682 1.75628 6.2 1 
316 5.00682 1.75628 6.3 5 
317 5.00682 1.75628 6.4 5 
318 5.00682 1.75628 6.5 5 
319 5.00682 1.75628 6.6 5 
320 4.9118 1.72513 6.6 1 
321 4.81677 1.69398 6.6 1 
322 4.81677 1.69398 6.7 5 
323 4.81677 1.69398 6.8 5 
324 4.81677 1.69398 6.9 5 
325 4.81677 1.69398 7 5 
326 4.74138 1.62828 7 1 
327 4.66599 1.56258 7 1 
328 4.5906 1.49688 7 1 
329 4.51521 1.43118 7 1 
330 4.43982 1.36548 7 1 
331 4.43982 1.36548 6.9 6 
332 4.43982 1.36548 6.8 6 
333 4.35288 1.31607 6.8 1 
334 4.26594 1.26666 6.8 1 
335 4.179 1.21725 6.8 1 
336 4.179 1.21725 6.7 6 
337 4.179 1.21725 6.6 6 
338 4.179 1.21725 6.5 6 
339 4.08134 1.19574 6.5 1 
340 4.08134 1.19574 6.4 6 
341 3.98203 1.18408 6.4 1 
342 3.88271 1.17243 6.4 1 
343 3.78339 1.16077 6.4 1 
344 3.78339 1.16077 6.3 6 
345 3.78339 1.16077 6.2 6 
346 3.78339 1.16077 6.1 6 
347 3.68506 1.17899 6.1 1 
348 3.58673 1.1972 6.1 1 
349 3.58673 1.1972 6 6 
350 3.58673 1.1972 5.9 6 
351 3.58673 1.1972 5.8 6 
352 3.49818 1.24366 5.8 1 
353 3.40963 1.29012 5.8 1 
354 3.32108 1.33658 5.8 1 
355 3.32108 1.33658 5.7 6 
356 3.32108 1.33658 5.6 6 
357 3.24352 1.39971 5.6 1 
358 3.16597 1.46284 5.6 1 
359 3.08841 1.52596 5.6 1 
360 3.01085 1.58909 5.6 1 
361 2.9333 1.65222 5.6 1 
362 2.85574 1.71534 5.6 1 
363 2.77818 1.77847 5.6 1 
364 2.70063 1.8416 5.6 1 
365 2.70063 1.8416 5.7 5 
366 2.70063 1.8416 5.8 5 
367 2.70063 1.8416 5.9 5 
368 2.60788 1.87899 5.9 1 
369 2.51513 1.91637 5.9 1 
370 2.42238 1.95376 5.9 1 
371 2.42238 1.95376 6 5 
372 2.42238 1.95376 6.1 5 
373 2.42238 1.95376 6.2 5 
374 2.42238 1.95376 6.3 5 
375 2.42238 1.95376 6.4 5 
376 2.42238 1.95376 6.5 5 
377 2.32472 1.93225 6.5 1 
378 2.22707 1.91074 6.5 1 
379 2.12941 1.88922 6.5 1 
380 2.03175 1.86771 6.5 1 
381 2.03175 1.86771 6.6 5 
382 1.93672 1.83656 6.6 1 
383 1.8417 1.8054 6.6 1 
384 1.8417 1.8054 6.7 5 
385 1.8417 1.8054 6.8 5 
386 1.8417 1.8054 6.9 5 
387 1.76013 1.74756 6.9 1 
388 1.67856 1.68972 6.9 1 
389 1.59698 1.63187 6.9 1 
390 1.51541 1.57403 6.9 1 
391 1.51541 1.57403 7 5 
392 1.51541 1.57403 7.1 5 
393 1.44696 1.50113 7.1 1 
394 1.3785 1.42823 7.1 1 
395 1.31005 1.35534 7.1 1 
396 1.24159 1.28244 7.1 1 
397 1.24159 1.28244 7.2 5 
398 1.18076 1.20307 7.2 1 
399 1.11992 1.12371 7.2 1 
400 1.05909 1.04434 7.2 1 
401 1.05909 1.04434 7.3 5 
402 1.05909 1.04434 7.4 5 
403 1.05909 1.04434 7.5 5 
404 1.02442 0.950541 7.5 1 
405 0.98976 0.856741 7.5 1 
406 0.955096 0.762941 7.5 1 
407 0.920433 0.669141 7.5 1 
408 0.885769 0.575341 7.5 1 
409 0.885769 0.575341 7.4 6 
410 0.841915 0.48547 7.4 1 
411 0.79806 0.395599 7.4 1 
412 0.754205 0.305728 7.4 1 
413 0.71035 0.215857 7.4 1 
414 0.666496 0.125987 7.4 1 
415 0.622641 0.0361158 7.4 1 
416 0.578786 -0.053755 7.4 1 
417 0.578786 -0.053755 7.5 5 
418 0.578786 -0.053755 7.6 5 
419 0.578786 -0.053755 7.7 5 
420 0.578786 -0.053755 7.8 5 
421 0.573391 -0.153609 7.8 1 
422 0.567995 -0.253464 7.8 1 
423 0.5626 -0.353318 7.8 1 
424 0.557204 -0.453172 7.8 1 
425 0.557204 -0.453172 7.9 5 
426 0.561804 -0.553066 7.9 1 
427 0.566404 -0.652961 7.9 1 
428 0.571005 -0.752855 7.9 1 
429 0.571005 -0.752855 8 5 
430 0.571005 -0.752855 8.1 5 
431 0.595359 -0.849844 8.1 1 
432 0.619713 -0.946833 8.1 1 
433 0.644068 -1.04382 8.1 1 
434 0.668422 -1.14081 8.1 1 
435 0.692777 -1.2378 8.1 1 
436 0.717131 -1.33479 8.1 1 
437 0.717131 -1.33479 8.2 5 
438 0.717131 -1.33479 8.3 5 
439 0.760269 -1.42501 8.3 1 
440 0.803407 -1.51522 8.3 1 
441 0.846544 -1.60544 8.3 1 
442 0.889682 -1.69566 8.3 1 
443 0.93282 -1.78587 8.3 1 
444 0.975957 -1.87609 8.3 1 
445 1.01909 -1.96631 8.3 1 
446 1.06223 -2.05653 8.3 1 
447 1.06223 -2.05653 8.2 6 
448 1.09615 -2.1506 8.2 1 
449 1.13006 -2.24467 8.2 1 
450 1.13006 -2.24467 8.1 6 
451 1.13006 -2.24467 8 6 
452 1.14461 -2.34361 8 1 
453 1.15916 -2.44254 8 1 
454 1.17371 -2.54148 8 1 
455 1.18826 -2.64042 8 1 
456 1.20281 -2.73935 8 1 
457 1.21736 -2.83829 8 1 
458 1.21736 -2.83829 8.1 5 
459 1.21736 -2.83829 8.2 5 
460 1.21736 -2.83829 8.3 5 
461 1.2605 -2.9285 8.3 1 
462 1.30364 -3.01872 8.3 1 
463 1.34678 -3.10894 8.3 1 
464 1.38991 -3.19916 8.3 1 
465 1.43305 -3.28937 8.3 1 
