1 1.7949e-10 0.1 0 4 
2 3.58979e-10 0.2 0 4 
3 5.38469e-10 0.3 0 4 
4 7.17959e-10 0.4 0 4 
5 8.97448e-10 0.5 0 4 
6 1.07694e-09 0.6 0 4 
7 1.07694e-09 0.6 -0.1 6 
8 1.07694e-09 0.6 -0.2 6 
9 -0.0980067 0.619867 -0.2 1 
10 -0.196013 0.639734 -0.2 1 
11 -0.29402 0.659601 -0.2 1 
12 -0.392027 0.679468 -0.2 1 
13 -0.392027 0.679468 -0.3 6 
14 -0.362475 0.775001 -0.3 4 
15 -0.332923 0.870535 -0.3 4 
16 -0.332923 0.870535 -0.4 6 
17 -0.293981 0.962641 -0.4 4 
18 -0.255039 1.05475 -0.4 4 
19 -0.216097 1.14685 -0.4 4 
20 -0.308203 1.1858 -0.4 1 
21 -0.400309 1.22474 -0.4 1 
22 -0.492415 1.26368 -0.4 1 
23 -0.584521 1.30262 -0.4 1 
24 -0.623463 1.21051 -0.4 3 
25 -0.662405 1.11841 -0.4 3 
26 -0.754511 1.15735 -0.4 1 
27 -0.846617 1.19629 -0.4 1 
28 -0.938723 1.23523 -0.4 1 
29 -1.03083 1.27418 -0.4 1 
30 -1.12294 1.31312 -0.4 1 
31 -1.21504 1.35206 -0.4 1 
32 -1.30715 1.391 -0.4 1 
33 -1.39925 1.42994 -0.4 1 
34 -1.49136 1.46888 -0.4 1 
35 -1.58347 1.50783 -0.4 1 
36 -1.67557 1.54677 -0.4 1 
37 -1.76768 1.58571 -0.4 1 
38 -1.85978 1.62465 -0.4 1 
39 -1.95189 1.66359 -0.4 1 
40 -2.044 1.70254 -0.4 1 
41 -2.044 1.70254 -0.3 5 
42 -2.044 1.70254 -0.2 5 
43 -2.044 1.70254 -0.1 5 
44 -2.1435 1.71252 -0.1 1 
45 -2.243 1.7225 -0.1 1 
46 -2.243 1.7225 -2.77556e-17 5 
47 -2.243 1.7225 0.1 5 
48 -2.3425 1.71252 0.1 1 
49 -2.442 1.70254 0.1 1 
50 -2.5415 1.69255 0.1 1 
51 -2.641 1.68257 0.1 1 
52 -2.7405 1.67259 0.1 1 
53 -2.84 1.6626 0.1 1 
54 -2.9395 1.65262 0.1 1 
55 -2.9395 1.65262 0.2 5 
56 -2.9395 1.65262 0.3 5 
57 -3.03503 1.62307 0.3 1 
58 -3.13057 1.59352 0.3 1 
59 -3.2261 1.56396 0.3 1 
60 -3.32164 1.53441 0.3 1 
61 -3.41717 1.50486 0.3 1 
62 -3.5127 1.47531 0.3 1 
63 -3.60824 1.44576 0.3 1 
64 -3.60824 1.44576 0.2 6 
65 -3.60824 1.44576 0.1 6 
66 -3.60824 1.44576 -2.77556e-17 6 
67 -3.70824 1.44576 -2.77556e-17 1 
68 -3.80824 1.44576 -2.77556e-17 1 
69 -3.90824 1.44576 -2.77556e-17 1 
70 -3.90824 1.44576 -0.1 6 
71 -3.90824 1.44576 -0.2 6 
72 -3.90824 1.44576 -0.3 6 
73 -4.00377 1.47531 -0.3 1 
74 -4.0993 1.50486 -0.3 1 
75 -4.19484 1.53441 -0.3 1 
76 -4.29037 1.56396 -0.3 1 
77 -4.29037 1.56396 -0.4 6 
78 -4.38248 1.60291 -0.4 1 
79 -4.47458 1.64185 -0.4 1 
80 -4.56669 1.68079 -0.4 1 
81 -4.65879 1.71973 -0.4 1 
82 -4.7509 1.75867 -0.4 1 
83 -4.7509 1.75867 -0.3 5 
84 -4.7509 1.75867 -0.2 5 
85 -4.7509 1.75867 -0.1 5 
86 -4.8504 1.76866 -0.1 1 
87 -4.9499 1.77864 -0.1 1 
88 -4.9499 1.77864 -2.77556e-17 5 
89 -5.0499 1.77864 -2.77556e-17 1 
90 -5.0499 1.77864 0.1 5 
91 -5.0499 1.77864 0.2 5 
92 -5.14791 1.75877 0.2 1 
93 -5.24591 1.73891 0.2 1 
94 -5.34392 1.71904 0.2 1 
95 -5.44193 1.69917 0.2 1 
96 -5.53994 1.6793 0.2 1 
97 -5.53994 1.6793 0.3 5 
98 -5.53994 1.6793 0.4 5 
99 -5.63204 1.64036 0.4 1 
100 -5.72415 1.60142 0.4 1 
101 -5.81625 1.56248 0.4 1 
102 -5.90836 1.52354 0.4 1 
103 -6.00047 1.4846 0.4 1 
104 -6.09257 1.44565 0.4 1 
105 -6.18468 1.40671 0.4 1 
106 -6.18468 1.40671 0.3 6 
107 -6.18468 1.40671 0.2 6 
108 -6.18468 1.40671 0.1 6 
109 -6.28418 1.39673 0.1 1 
110 -6.38368 1.38674 0.1 1 
111 -6.38368 1.38674 2.77556e-17 6 
112 -6.48368 1.38674 2.77556e-17 1 
113 -6.48368 1.38674 -0.1 6 
114 -6.58318 1.39673 -0.1 1 
115 -6.58318 1.39673 -0.2 6 
116 -6.68119 1.4166 -0.2 1 
117 -6.68119 1.4166 -0.3 6 
118 -6.77672 1.44615 -0.3 1 
119 -6.77672 1.44615 -0.4 6 
120 -6.86883 1.48509 -0.4 1 
121 -6.86883 1.48509 -0.5 6 
122 -6.95658 1.53303 -0.5 1 
123 -6.95658 1.53303 -0.6 6 
124 -7.03912 1.5895 -0.6 1 
125 -7.03912 1.5895 -0.7 6 
126 -7.1156 1.65392 -0.7 1 
127 -7.1156 1.65392 -0.8 6 
128 -7.18527 1.72565 -0.8 1 
129 -7.18527 1.72565 -0.9 6 
130 -7.24743 1.80399 -0.9 1 
131 -7.24743 1.80399 -1 6 
132 -7.30146 1.88813 -1 1 
133 -7.30146 1.88813 -1.1 6 
134 -7.34682 1.97725 -1.1 1 
135 -7.34682 1.97725 -1.2 6 
136 -7.38306 2.07046 -1.2 1 
137 -7.41929 2.16366 -1.2 1 
138 -7.41929 2.16366 -1.3 6 
139 -7.44604 2.26002 -1.3 1 
140 -7.44604 2.26002 -1.4 6 
141 -7.46304 2.35856 -1.4 1 
142 -7.48004 2.45711 -1.4 1 
143 -7.49703 2.55565 -1.4 1 
144 -7.51403 2.6542 -1.4 1 
145 -7.53103 2.75274 -1.4 1 
146 -7.53103 2.75274 -1.5 6 
147 -7.53103 2.75274 -1.6 6 
148 -7.53103 2.75274 -1.7 6 
149 -7.51814 2.85191 -1.7 1 
150 -7.51814 2.85191 -1.8 6 
151 -7.49542 2.94929 -1.8 1 
152 -7.4727 3.04668 -1.8 1 
153 -7.44998 3.14406 -1.8 1 
154 -7.42726 3.24145 -1.8 1 
155 -7.42726 3.24145 -1.9 6 
156 -7.42726 3.24145 -1.8 5 
157 -7.40454 3.33883 -1.8 1 
158 -7.40454 3.33883 -1.7 5 
159 -7.40454 3.33883 -1.6 5 
160 -7.40162 3.43879 -1.6 1 
161 -7.40162 3.43879 -1.5 5 
162 -7.40162 3.43879 -1.4 5 
163 -7.41862 3.53733 -1.4 1 
164 -7.41862 3.53733 -1.3 5 
165 -7.41862 3.53733 -1.2 5 
166 -7.45485 3.63054 -1.2 1 
167 -7.45485 3.63054 -1.1 5 
168 -7.50021 3.71966 -1.1 1 
169 -7.50021 3.71966 -1 5 
170 -7.50021 3.71966 -0.9 5 
171 -7.56238 3.79799 -0.9 1 
172 -7.56238 3.79799 -1 6 
173 -7.61641 3.88214 -1 1 
174 -7.67044 3.96629 -1 1 
175 -7.67044 3.96629 -1.1 6 
176 -7.7158 4.05541 -1.1 1 
177 -7.7158 4.05541 -1.2 6 
178 -7.7158 4.05541 -1.3 6 
179 -7.7158 4.05541 -1.4 6 
180 -7.73279 4.15395 -1.4 1 
181 -7.74979 4.2525 -1.4 1 
182 -7.74979 4.2525 -1.5 6 
183 -7.75686 4.35225 -1.5 1 
184 -7.75686 4.35225 -1.6 6 
185 -7.75394 4.4522 -1.6 1 
186 -7.75394 4.4522 -1.7 6 
187 -7.74106 4.55137 -1.7 1 
188 -7.74106 4.55137 -1.8 6 
189 -7.71834 4.64876 -1.8 1 
190 -7.71834 4.64876 -1.9 6 
191 -7.68601 4.74339 -1.9 1 
192 -7.68601 4.74339 -2 6 
193 -7.64439 4.83431 -2 1 
194 -7.64439 4.83431 -2.1 6 
195 -7.59391 4.92064 -2.1 1 
196 -7.54343 5.00696 -2.1 1 
197 -7.54343 5.00696 -2.2 6 
198 -7.54343 5.00696 -2.1 5 
199 -7.49294 5.09328 -2.1 1 
200 -7.44246 5.1796 -2.1 1 
201 -7.44246 5.1796 -2 5 
202 -7.40084 5.27053 -2 1 
203 -7.40084 5.27053 -1.9 5 
204 -7.36851 5.36516 -1.9 1 
205 -7.36851 5.36516 -1.8 5 
206 -7.34579 5.46254 -1.8 1 
207 -7.34579 5.46254 -1.7 5 
208 -7.34579 5.46254 -1.6 5 
209 -7.34287 5.5625 -1.6 1 
210 -7.34287 5.5625 -1.5 5 
211 -7.34995 5.66225 -1.5 1 
212 -7.34995 5.66225 -1.4 5 
213 -7.36694 5.7608 -1.4 1 
214 -7.36694 5.7608 -1.3 5 
215 -7.39369 5.85715 -1.3 1 
216 -7.39369 5.85715 -1.2 5 
217 -7.42993 5.95035 -1.2 1 
218 -7.42993 5.95035 -1.3 6 
219 -7.45668 6.04671 -1.3 1 
220 -7.45668 6.04671 -1.4 6 
221 -7.45668 6.04671 -1.5 6 
222 -7.46375 6.14646 -1.5 1 
223 -7.46375 6.14646 -1.6 6 
224 -7.46083 6.24642 -1.6 1 
225 -7.46083 6.24642 -1.7 6 
226 -7.44795 6.34558 -1.7 1 
227 -7.44795 6.34558 -1.8 6 
228 -7.42523 6.44297 -1.8 1 
229 -7.42523 6.44297 -1.9 6 
230 -7.3929 6.5376 -1.9 1 
231 -7.36057 6.63223 -1.9 1 
232 -7.36057 6.63223 -2 6 
233 -7.31895 6.72316 -2 1 
234 -7.31895 6.72316 -2.1 6 
235 -7.26847 6.80948 -2.1 1 
236 -7.21799 6.8958 -2.1 1 
237 -7.1675 6.98212 -2.1 1 
238 -7.1675 6.98212 -2.2 6 
239 -7.10865 7.06297 -2.2 1 
240 -7.10865 7.06297 -2.3 6 
241 -7.04202 7.13754 -2.3 1 
242 -6.9754 7.21211 -2.3 1 
243 -6.9754 7.21211 -2.4 6 
244 -6.90166 7.27966 -2.4 1 
245 -6.90166 7.27966 -2.5 6 
246 -6.82154 7.33951 -2.5 1 
247 -6.74143 7.39935 -2.5 1 
248 -6.74143 7.39935 -2.6 6 
249 -6.65574 7.4509 -2.6 1 
250 -6.57005 7.50245 -2.6 1 
251 -6.48436 7.554 -2.6 1 
252 -6.39867 7.60555 -2.6 1 
253 -6.31298 7.6571 -2.6 1 
254 -6.31298 7.6571 -2.7 6 
255 -6.31298 7.6571 -2.6 5 
256 -6.22729 7.70865 -2.6 1 
257 -6.22729 7.70865 -2.5 5 
258 -6.22729 7.70865 -2.4 5 
259 -6.22729 7.70865 -2.3 5 
260 -6.16067 7.78322 -2.3 1 
261 -6.09404 7.85779 -2.3 1 
262 -6.02741 7.93236 -2.3 1 
263 -5.96078 8.00694 -2.3 1 
264 -5.96078 8.00694 -2.4 6 
265 -5.96078 8.00694 -2.5 6 
266 -5.88067 8.06678 -2.5 1 
267 -5.80056 8.12663 -2.5 1 
268 -5.80056 8.12663 -2.6 6 
269 -5.71487 8.17818 -2.6 1 
270 -5.62918 8.22973 -2.6 1 
271 -5.62918 8.22973 -2.7 6 
272 -5.62918 8.22973 -2.8 6 
273 -5.53496 8.26323 -2.8 1 
274 -5.53496 8.26323 -2.9 6 
275 -5.43786 8.28715 -2.9 1 
276 -5.43786 8.28715 -3 6 
277 -5.33886 8.30127 -3 1 
278 -5.33886 8.30127 -3.1 6 
279 -5.23895 8.30542 -3.1 1 
280 -5.23895 8.30542 -3.2 6 
281 -5.13912 8.29959 -3.2 1 
282 -5.13912 8.29959 -3.3 6 
283 -5.04037 8.28381 -3.3 1 
284 -5.04037 8.28381 -3.4 6 
285 -4.94369 8.25826 -3.4 1 
286 -4.94369 8.25826 -3.5 6 
287 -4.85004 8.22318 -3.5 1 
288 -4.85004 8.22318 -3.6 6 
289 -4.76037 8.17893 -3.6 1 
290 -4.76037 8.17893 -3.7 6 
291 -4.67556 8.12594 -3.7 1 
292 -4.67556 8.12594 -3.8 6 
293 -4.59646 8.06476 -3.8 1 
294 -4.59646 8.06476 -3.9 6 
295 -4.52387 7.99598 -3.9 1 
296 -4.52387 7.99598 -4 6 
297 -4.4585 7.9203 -4 1 
298 -4.4585 7.9203 -3.9 5 
299 -4.4585 7.9203 -3.8 5 
300 -4.37941 7.85912 -3.8 1 
301 -4.30031 7.79793 -3.8 1 
302 -4.22121 7.73674 -3.8 1 
303 -4.22121 7.73674 -3.9 6 
304 -4.22121 7.73674 -3.8 5 
305 -4.22121 7.73674 -3.7 5 
306 -4.22121 7.73674 -3.6 5 
307 -4.13154 7.69249 -3.6 1 
308 -4.04186 7.64824 -3.6 1 
309 -3.95219 7.60399 -3.6 1 
310 -3.95219 7.60399 -3.7 6 
311 -3.95219 7.60399 -3.8 6 
312 -3.95219 7.60399 -3.7 5 
313 -3.95219 7.60399 -3.6 5 
314 -3.95219 7.60399 -3.5 5 
315 -3.95219 7.60399 -3.4 5 
316 -3.95219 7.60399 -3.3 5 
317 -3.85344 7.58821 -3.3 1 
318 -3.75469 7.57244 -3.3 1 
319 -3.75469 7.57244 -3.2 5 
320 -3.75469 7.57244 -3.1 5 
321 -3.65478 7.5766 -3.1 1 
322 -3.55486 7.58075 -3.1 1 
323 -3.45495 7.58491 -3.1 1 
324 -3.35504 7.58907 -3.1 1 
325 -3.25512 7.59323 -3.1 1 
326 -3.25512 7.59323 -3 5 
327 -3.25512 7.59323 -2.9 5 
328 -3.25512 7.59323 -2.8 5 
329 -3.1609 7.62673 -2.8 1 
330 -3.06668 7.66023 -2.8 1 
331 -2.97246 7.69373 -2.8 1 
332 -2.87823 7.72722 -2.8 1 
333 -2.78401 7.76072 -2.8 1 
334 -2.68979 7.79422 -2.8 1 
335 -2.68979 7.79422 -2.9 6 
336 -2.68979 7.79422 -3 6 
337 -2.68979 7.79422 -3.1 6 
338 -2.58988 7.79838 -3.1 1 
339 -2.48996 7.80254 -3.1 1 
340 -2.48996 7.80254 -3.2 6 
341 -2.48996 7.80254 -3.3 6 
342 -2.39121 7.78676 -3.3 1 
343 -2.29247 7.77099 -3.3 1 
344 -2.29247 7.77099 -3.4 6 
345 -2.29247 7.77099 -3.5 6 
346 -2.19882 7.73591 -3.5 1 
347 -2.10517 7.70083 -3.5 1 
348 -2.10517 7.70083 -3.6 6 
349 -2.10517 7.70083 -3.7 6 
350 -2.10517 7.70083 -3.8 6 
351 -2.02608 7.63965 -3.8 1 
352 -1.94698 7.57846 -3.8 1 
353 -1.86788 7.51727 -3.8 1 
354 -1.86788 7.51727 -3.9 6 
355 -1.79529 7.4485 -3.9 1 
356 -1.79529 7.4485 -4 6 
357 -1.72993 7.37282 -4 1 
358 -1.66456 7.29714 -4 1 
359 -1.66456 7.29714 -3.9 5 
360 -1.59197 7.22836 -3.9 1 
361 -1.51938 7.15958 -3.9 1 
362 -1.44678 7.09081 -3.9 1 
363 -1.37419 7.02203 -3.9 1 
364 -1.37419 7.02203 -3.8 5 
365 -1.29509 6.96085 -3.8 1 
366 -1.216 6.89966 -3.8 1 
367 -1.1369 6.83847 -3.8 1 
368 -1.1369 6.83847 -3.7 5 
369 -1.1369 6.83847 -3.6 5 
370 -1.04722 6.79422 -3.6 1 
371 -0.957547 6.74997 -3.6 1 
372 -0.867871 6.70572 -3.6 1 
373 -0.867871 6.70572 -3.7 6 
374 -0.867871 6.70572 -3.8 6 
375 -0.788775 6.64453 -3.8 1 
376 -0.709678 6.58335 -3.8 1 
377 -0.709678 6.58335 -3.9 6 
378 -0.637085 6.51457 -3.9 1 
379 -0.637085 6.51457 -4 6 
380 -0.57172 6.43889 -4 1 
381 -0.57172 6.43889 -4.1 6 
382 -0.514238 6.35706 -4.1 1 
383 -0.514238 6.35706 -4.2 6 
384 -0.465212 6.2699 -4.2 1 
385 -0.465212 6.2699 -4.3 6 
386 -0.425132 6.17829 -4.3 1 
387 -0.425132 6.17829 -4.4 6 
388 -0.394399 6.08313 -4.4 1 
389 -0.394399 6.08313 -4.5 6 
390 -0.373319 5.98537 -4.5 1 
391 -0.352239 5.88762 -4.5 1 
392 -0.33116 5.78987 -4.5 1 
393 -0.31008 5.69212 -4.5 1 
394 -0.31008 5.69212 -4.6 6 
395 -0.298865 5.59275 -4.6 1 
396 -0.28765 5.49338 -4.6 1 
397 -0.28765 5.49338 -4.7 6 
398 -0.286411 5.39338 -4.7 1 
399 -0.285172 5.29339 -4.7 1 
400 -0.285172 5.29339 -4.8 6 
401 -0.293922 5.19378 -4.8 1 
402 -0.293922 5.19378 -4.9 6 
403 -0.293922 5.19378 -4.8 5 
404 -0.194305 5.18503 -4.8 3 
405 -0.094689 5.17628 -4.8 3 
406 0.00492742 5.16753 -4.8 3 
407 0.00492742 5.16753 -4.7 5 
408 0.00616629 5.06753 -4.7 1 
409 0.00740515 4.96754 -4.7 1 
410 0.00864402 4.86755 -4.7 1 
411 0.00988289 4.76756 -4.7 1 
412 0.0111218 4.66756 -4.7 1 
413 0.0123606 4.56757 -4.7 1 
414 0.0123606 4.56757 -4.8 6 
415 0.00361072 4.46796 -4.8 1 
416 0.00361072 4.46796 -4.9 6 
417 -0.0150405 4.36971 -4.9 1 
418 -0.0150405 4.36971 -5 6 
419 -0.0434067 4.27382 -5 1 
420 -0.071773 4.17793 -5 1 
421 -0.071773 4.17793 -5.1 6 
422 -0.109571 4.08534 -5.1 1 
423 -0.109571 4.08534 -5.2 6 
424 -0.156422 3.997 -5.2 1 
425 -0.156422 3.997 -5.3 6 
426 -0.0731957 3.94156 -5.3 3 
427 0.0100311 3.88612 -5.3 3 
428 0.0932578 3.83069 -5.3 3 
429 0.0378204 3.74746 -5.3 1 
430 -0.017617 3.66423 -5.3 1 
431 -0.0730545 3.58101 -5.3 1 
432 -0.128492 3.49778 -5.3 1 
433 -0.128492 3.49778 -5.4 6 
434 -0.0512155 3.43431 -5.4 3 
435 0.026061 3.37084 -5.4 3 
436 0.103337 3.30737 -5.4 3 
437 0.103337 3.30737 -5.5 6 
438 0.0324705 3.23682 -5.5 1 
439 -0.0383965 3.16626 -5.5 1 
440 -0.109263 3.09571 -5.5 1 
441 -0.18013 3.02516 -5.5 1 
442 -0.250997 2.9546 -5.5 1 
443 -0.321864 2.88405 -5.5 1 
444 -0.321864 2.88405 -5.6 6 
445 -0.321864 2.88405 -5.7 6 
446 -0.405336 2.82898 -5.7 1 
447 -0.488807 2.77391 -5.7 1 
448 -0.572278 2.71884 -5.7 1 
449 -0.65575 2.66377 -5.7 1 
450 -0.65575 2.66377 -5.8 6 
451 -0.744301 2.61731 -5.8 1 
452 -0.832853 2.57085 -5.8 1 
453 -0.921405 2.52439 -5.8 1 
454 -0.921405 2.52439 -5.9 6 
455 -1.01415 2.487 -5.9 1 
456 -1.01415 2.487 -6 6 
457 -1.11017 2.45906 -6 1 
458 -1.08223 2.36305 -6 3 
459 -1.05429 2.26703 -6 3 
460 -1.02635 2.17101 -6 3 
461 -0.998404 2.075 -6 3 
462 -1.09442 2.04705 -6 1 
463 -1.09442 2.04705 -6.1 6 
464 -1.09442 2.04705 -6.2 6 
465 -1.19408 2.03874 -6.2 1 
466 -1.29373 2.03044 -6.2 1 
467 -1.39338 2.02213 -6.2 1 
468 -1.49304 2.01382 -6.2 1 
469 -1.59269 2.00551 -6.2 1 
470 -1.69235 1.9972 -6.2 1 
471 -1.792 1.98889 -6.2 1 
472 -1.792 1.98889 -6.3 6 
473 -1.89199 1.99057 -6.3 1 
474 -1.99197 1.99225 -6.3 1 
475 -2.09196 1.99394 -6.3 1 
476 -2.19194 1.99562 -6.3 1 
477 -2.29193 1.9973 -6.3 1 
478 -2.39192 1.99898 -6.3 1 
479 -2.4919 2.00066 -6.3 1 
480 -2.4919 2.00066 -6.4 6 
481 -2.59122 2.01232 -6.4 1 
482 -2.69054 2.02397 -6.4 1 
483 -2.78986 2.03563 -6.4 1 
484 -2.88918 2.04728 -6.4 1 
485 -2.98849 2.05894 -6.4 1 
486 -3.08781 2.07059 -6.4 1 
487 -3.18713 2.08225 -6.4 1 
488 -3.18713 2.08225 -6.5 6 
489 -3.18713 2.08225 -6.4 5 
490 -3.19879 1.98293 -6.4 3 
491 -3.21044 1.88361 -6.4 3 
492 -3.2221 1.78429 -6.4 3 
493 -3.2221 1.78429 -6.3 5 
494 -3.32208 1.78597 -6.3 1 
495 -3.42207 1.78765 -6.3 1 
496 -3.52205 1.78933 -6.3 1 
497 -3.62204 1.79102 -6.3 1 
498 -3.72203 1.7927 -6.3 1 
499 -3.82201 1.79438 -6.3 1 
500 -3.922 1.79606 -6.3 1 
501 -4.02198 1.79774 -6.3 1 
502 -4.12197 1.79942 -6.3 1 
503 -4.22195 1.8011 -6.3 1 
504 -4.32194 1.80279 -6.3 1 
505 -4.42193 1.80447 -6.3 1 
