1 -5.38469e-10 -0.1 0 3 
2 -3.58979e-10 0 0 4 
3 -1.7949e-10 0.1 0 4 
4 -0.1 0.1 0 1 
5 -0.1 0.1 -0.1 6 
6 -0.1 0.1 -0.2 6 
7 -0.1 0.1 -0.3 6 
8 -0.1 0.1 -0.4 6 
9 -0.192106 0.138942 -0.4 1 
10 -0.284212 0.177884 -0.4 1 
11 -0.376318 0.216826 -0.4 1 
12 -0.468424 0.255767 -0.4 1 
13 -0.56053 0.294709 -0.4 1 
14 -0.652637 0.333651 -0.4 1 
15 -0.744743 0.372593 -0.4 1 
16 -0.836849 0.411535 -0.4 1 
17 -0.836849 0.411535 -0.5 6 
18 -0.836849 0.411535 -0.6 6 
19 -0.836849 0.411535 -0.7 6 
20 -0.913333 0.475956 -0.7 1 
21 -0.989817 0.540378 -0.7 1 
22 -1.0663 0.6048 -0.7 1 
23 -1.14279 0.669222 -0.7 1 
24 -1.21927 0.733644 -0.7 1 
25 -1.29575 0.798065 -0.7 1 
26 -1.29575 0.798065 -0.8 6 
27 -1.36542 0.869801 -0.8 1 
28 -1.4351 0.941536 -0.8 1 
29 -1.50477 1.01327 -0.8 1 
30 -1.57444 1.08501 -0.8 1 
31 -1.64411 1.15674 -0.8 1 
32 -1.71378 1.22848 -0.8 1 
33 -1.78345 1.30021 -0.8 1 
34 -1.85312 1.37195 -0.8 1 
35 -1.85312 1.37195 -0.9 6 
36 -1.85312 1.37195 -1 6 
37 -1.90715 1.4561 -1 1 
38 -1.96118 1.54024 -1 1 
39 -2.01521 1.62439 -1 1 
40 -2.06924 1.70854 -1 1 
41 -2.12327 1.79269 -1 1 
42 -2.1773 1.87683 -1 1 
43 -2.23133 1.96098 -1 1 
44 -2.28536 2.04513 -1 1 
45 -2.33939 2.12927 -1 1 
46 -2.39342 2.21342 -1 1 
47 -2.44745 2.29757 -1 1 
48 -2.50148 2.38172 -1 1 
49 -2.55551 2.46586 -1 1 
50 -2.60954 2.55001 -1 1 
51 -2.66357 2.63416 -1 1 
52 -2.7176 2.7183 -1 1 
53 -2.77163 2.80245 -1 1 
54 -2.82566 2.8866 -1 1 
55 -2.87969 2.97075 -1 1 
56 -2.93372 3.05489 -1 1 
57 -2.98775 3.13904 -1 1 
58 -3.04178 3.22319 -1 1 
59 -3.09581 3.30733 -1 1 
60 -3.14984 3.39148 -1 1 
61 -3.20388 3.47563 -1 1 
62 -3.25791 3.55977 -1 1 
63 -3.31194 3.64392 -1 1 
64 -3.36597 3.72807 -1 1 
65 -3.42 3.81222 -1 1 
66 -3.47403 3.89636 -1 1 
67 -3.47403 3.89636 -0.9 5 
68 -3.47403 3.89636 -0.8 5 
69 -3.5437 3.9681 -0.8 1 
70 -3.61337 4.03983 -0.8 1 
71 -3.68304 4.11157 -0.8 1 
72 -3.75271 4.18331 -0.8 1 
73 -3.82238 4.25504 -0.8 1 
74 -3.89205 4.32678 -0.8 1 
75 -3.96172 4.39851 -0.8 1 
76 -3.96172 4.39851 -0.7 5 
77 -3.96172 4.39851 -0.6 5 
78 -4.04425 4.45498 -0.6 1 
79 -4.12679 4.51144 -0.6 1 
80 -4.20932 4.5679 -0.6 1 
81 -4.29186 4.62437 -0.6 1 
82 -4.37439 4.68083 -0.6 1 
83 -4.45692 4.7373 -0.6 1 
84 -4.45692 4.7373 -0.5 5 
85 -4.45692 4.7373 -0.4 5 
86 -4.45692 4.7373 -0.3 5 
87 -4.55246 4.76685 -0.3 1 
88 -4.64799 4.7964 -0.3 1 
89 -4.64799 4.7964 -0.2 5 
90 -4.64799 4.7964 -0.1 5 
91 -4.64799 4.7964 -2.77556e-17 5 
92 -4.64799 4.7964 0.1 5 
93 -4.74749 4.78642 0.1 1 
94 -4.84699 4.77644 0.1 1 
95 -4.94649 4.76645 0.1 1 
96 -5.04599 4.75647 0.1 1 
97 -5.14549 4.74649 0.1 1 
98 -5.14549 4.74649 0.2 5 
99 -5.2435 4.72662 0.2 1 
100 -5.34151 4.70675 0.2 1 
101 -5.34151 4.70675 0.3 5 
102 -5.43704 4.6772 0.3 1 
103 -5.53257 4.64765 0.3 1 
104 -5.62811 4.6181 0.3 1 
105 -5.72364 4.58854 0.3 1 
106 -5.81917 4.55899 0.3 1 
107 -5.91471 4.52944 0.3 1 
108 -6.01024 4.49989 0.3 1 
109 -5.98069 4.40435 0.3 3 
110 -5.95114 4.30882 0.3 3 
111 -5.98069 4.40435 0.3 4 
112 -6.01024 4.49989 0.3 4 
113 -6.03979 4.59542 0.3 4 
114 -6.06934 4.69095 0.3 4 
115 -6.0989 4.78649 0.3 4 
116 -6.0989 4.78649 0.2 6 
117 -6.0989 4.78649 0.3 5 
118 -6.0989 4.78649 0.4 5 
119 -6.191 4.74755 0.4 1 
120 -6.28311 4.7086 0.4 1 
121 -6.37522 4.66966 0.4 1 
122 -6.46732 4.63072 0.4 1 
123 -6.55943 4.59178 0.4 1 
124 -6.65153 4.55284 0.4 1 
125 -6.74364 4.5139 0.4 1 
126 -6.83575 4.47495 0.4 1 
127 -6.92785 4.43601 0.4 1 
128 -7.01996 4.39707 0.4 1 
129 -7.01996 4.39707 0.5 5 
130 -7.01996 4.39707 0.6 5 
131 -7.10249 4.34061 0.6 1 
132 -7.18502 4.28414 0.6 1 
133 -7.26756 4.22768 0.6 1 
134 -7.35009 4.17121 0.6 1 
135 -7.43263 4.11475 0.6 1 
136 -7.51516 4.05828 0.6 1 
137 -7.59769 4.00182 0.6 1 
138 -7.68023 3.94536 0.6 1 
139 -7.76276 3.88889 0.6 1 
140 -7.84529 3.83243 0.6 1 
141 -7.92783 3.77596 0.6 1 
142 -7.92783 3.77596 0.7 5 
143 -8.00431 3.71154 0.7 1 
144 -8.0808 3.64712 0.7 1 
145 -8.15728 3.5827 0.7 1 
146 -8.23376 3.51828 0.7 1 
147 -8.31025 3.45385 0.7 1 
148 -8.38673 3.38943 0.7 1 
149 -8.46322 3.32501 0.7 1 
150 -8.5397 3.26059 0.7 1 
151 -8.5397 3.26059 0.8 5 
152 -8.60937 3.18885 0.8 1 
153 -8.67904 3.11712 0.8 1 
154 -8.74871 3.04538 0.8 1 
155 -8.74871 3.04538 0.9 5 
156 -8.74871 3.04538 1 5 
157 -8.74871 3.04538 1.1 5 
158 -8.79407 2.95626 1.1 1 
159 -8.83943 2.86714 1.1 1 
160 -8.88479 2.77802 1.1 1 
161 -8.93015 2.6889 1.1 1 
162 -8.97551 2.59978 1.1 1 
163 -8.97551 2.59978 1.2 5 
164 -8.97551 2.59978 1.3 5 
165 -8.97551 2.59978 1.4 5 
166 -8.99251 2.50123 1.4 1 
167 -9.0095 2.40269 1.4 1 
168 -9.0265 2.30414 1.4 1 
169 -9.0435 2.2056 1.4 1 
170 -9.06049 2.10705 1.4 1 
171 -9.07749 2.00851 1.4 1 
172 -9.09449 1.90996 1.4 1 
173 -9.11148 1.81142 1.4 1 
174 -9.12848 1.71287 1.4 1 
175 -9.14548 1.61433 1.4 1 
176 -9.16247 1.51578 1.4 1 
177 -9.16247 1.51578 1.5 5 
178 -9.16247 1.51578 1.6 5 
179 -9.15955 1.41583 1.6 1 
180 -9.15663 1.31587 1.6 1 
181 -9.15372 1.21591 1.6 1 
182 -9.15079 1.11595 1.6 1 
183 -9.14787 1.016 1.6 1 
184 -9.14495 0.91604 1.6 1 
185 -9.14203 0.816082 1.6 1 
186 -9.13912 0.716125 1.6 1 
187 -9.1362 0.616167 1.6 1 
188 -9.1362 0.616167 1.7 5 
189 -9.1362 0.616167 1.8 5 
190 -9.1362 0.616167 1.9 5 
191 -9.1362 0.616167 2 5 
192 -9.09458 0.525238 2 1 
193 -9.05297 0.434308 2 1 
194 -9.01135 0.343378 2 1 
195 -8.96974 0.252449 2 1 
196 -8.92812 0.161519 2 1 
197 -8.88651 0.070589 2 1 
198 -8.84489 -0.0203407 2 1 
199 -8.80328 -0.11127 2 1 
200 -8.76166 -0.2022 2 1 
201 -8.72005 -0.29313 2 1 
202 -8.67843 -0.38406 2 1 
203 -8.67843 -0.38406 2.1 5 
204 -8.62795 -0.470381 2.1 1 
205 -8.57746 -0.556702 2.1 1 
206 -8.52698 -0.643022 2.1 1 
207 -8.47649 -0.729343 2.1 1 
208 -8.42601 -0.815664 2.1 1 
209 -8.42601 -0.815664 2.2 5 
210 -8.42601 -0.815664 2.3 5 
211 -8.42601 -0.815664 2.4 5 
212 -8.42601 -0.815664 2.5 5 
213 -8.3459 -0.875512 2.5 1 
214 -8.26578 -0.935359 2.5 1 
215 -8.18567 -0.995206 2.5 1 
216 -8.10555 -1.05505 2.5 1 
217 -8.02544 -1.1149 2.5 1 
218 -7.94532 -1.17475 2.5 1 
219 -7.86521 -1.23459 2.5 1 
220 -7.7851 -1.29444 2.5 1 
221 -7.7851 -1.29444 2.6 5 
222 -7.7851 -1.29444 2.7 5 
223 -7.69469 -1.33718 2.7 1 
224 -7.60428 -1.37992 2.7 1 
225 -7.51387 -1.42266 2.7 1 
226 -7.42347 -1.46539 2.7 1 
227 -7.33306 -1.50813 2.7 1 
228 -7.24265 -1.55087 2.7 1 
229 -7.15225 -1.59361 2.7 1 
230 -7.15225 -1.59361 2.8 5 
231 -7.15225 -1.59361 2.9 5 
232 -7.05515 -1.61753 2.9 1 
233 -6.95805 -1.64146 2.9 1 
234 -6.86096 -1.66538 2.9 1 
235 -6.76386 -1.68931 2.9 1 
236 -6.66677 -1.71323 2.9 1 
237 -6.56967 -1.73716 2.9 1 
238 -6.47257 -1.76108 2.9 1 
239 -6.47257 -1.76108 3 5 
240 -6.47257 -1.76108 3.1 5 
241 -6.37266 -1.76524 3.1 1 
242 -6.27275 -1.7694 3.1 1 
243 -6.17283 -1.77356 3.1 1 
244 -6.17283 -1.77356 3.2 5 
245 -6.17283 -1.77356 3.3 5 
246 -6.07409 -1.75778 3.3 1 
247 -5.97534 -1.74201 3.3 1 
248 -5.87659 -1.72623 3.3 1 
249 -5.77784 -1.71046 3.3 1 
250 -5.67909 -1.69468 3.3 1 
251 -5.58035 -1.67891 3.3 1 
252 -5.4816 -1.66313 3.3 1 
253 -5.38285 -1.64736 3.3 1 
254 -5.2841 -1.63159 3.3 1 
255 -5.18535 -1.61581 3.3 1 
256 -5.08661 -1.60004 3.3 1 
257 -4.98786 -1.58426 3.3 1 
258 -4.88911 -1.56849 3.3 1 
259 -4.88911 -1.56849 3.4 5 
260 -4.88911 -1.56849 3.5 5 
261 -4.88911 -1.56849 3.6 5 
262 -4.79943 -1.52424 3.6 1 
263 -4.70976 -1.47998 3.6 1 
264 -4.62008 -1.43573 3.6 1 
265 -4.53041 -1.39148 3.6 1 
266 -4.44073 -1.34723 3.6 1 
267 -4.35106 -1.30298 3.6 1 
268 -4.26138 -1.25872 3.6 1 
269 -4.1717 -1.21447 3.6 1 
270 -4.08203 -1.17022 3.6 1 
271 -3.99235 -1.12597 3.6 1 
272 -3.90268 -1.08171 3.6 1 
273 -3.813 -1.03746 3.6 1 
274 -3.72332 -0.993211 3.6 1 
275 -3.63365 -0.948959 3.6 1 
276 -3.54397 -0.904707 3.6 1 
277 -3.4543 -0.860455 3.6 1 
278 -3.36462 -0.816203 3.6 1 
279 -3.36462 -0.816203 3.7 5 
280 -3.36462 -0.816203 3.8 5 
281 -3.36462 -0.816203 3.9 5 
282 -3.29203 -0.747426 3.9 1 
283 -3.21943 -0.678649 3.9 1 
284 -3.14684 -0.609873 3.9 1 
285 -3.14684 -0.609873 4 5 
286 -3.14684 -0.609873 4.1 5 
287 -3.08936 -0.528045 4.1 1 
288 -3.03188 -0.446217 4.1 1 
289 -2.97439 -0.36439 4.1 1 
290 -2.91691 -0.282562 4.1 1 
291 -2.85943 -0.200734 4.1 1 
292 -2.80195 -0.118906 4.1 1 
293 -2.74446 -0.0370788 4.1 1 
294 -2.68698 0.044749 4.1 1 
295 -2.6295 0.126577 4.1 1 
296 -2.57202 0.208404 4.1 1 
297 -2.57202 0.208404 4.2 5 
298 -2.57202 0.208404 4.3 5 
299 -2.53194 0.300021 4.3 1 
300 -2.49186 0.391638 4.3 1 
301 -2.45178 0.483254 4.3 1 
302 -2.4117 0.574871 4.3 1 
303 -2.37162 0.666487 4.3 1 
304 -2.33154 0.758104 4.3 1 
305 -2.29146 0.849721 4.3 1 
306 -2.25138 0.941337 4.3 1 
307 -2.2113 1.03295 4.3 1 
308 -2.17122 1.12457 4.3 1 
309 -2.17122 1.12457 4.4 5 
310 -2.17122 1.12457 4.5 5 
311 -2.17122 1.12457 4.6 5 
312 -2.16 1.22394 4.6 1 
313 -2.14879 1.32331 4.6 1 
314 -2.13757 1.42268 4.6 1 
315 -2.12636 1.52205 4.6 1 
316 -2.12636 1.52205 4.7 5 
317 -2.12636 1.52205 4.8 5 
318 -2.13511 1.62166 4.8 1 
319 -2.14386 1.72128 4.8 1 
320 -2.15261 1.8209 4.8 1 
321 -2.16136 1.92051 4.8 1 
322 -2.17011 2.02013 4.8 1 
323 -2.17886 2.11975 4.8 1 
324 -2.18761 2.21936 4.8 1 
325 -2.19636 2.31898 4.8 1 
326 -2.20511 2.41859 4.8 1 
327 -2.21386 2.51821 4.8 1 
328 -2.22261 2.61783 4.8 1 
329 -2.23136 2.71744 4.8 1 
330 -2.23136 2.71744 4.9 5 
331 -2.23136 2.71744 5 5 
332 -2.23136 2.71744 5.1 5 
333 -2.26915 2.81003 5.1 1 
334 -2.30695 2.90261 5.1 1 
335 -2.34475 2.99519 5.1 1 
336 -2.38255 3.08777 5.1 1 
337 -2.42034 3.18035 5.1 1 
338 -2.42034 3.18035 5.2 5 
339 -2.42034 3.18035 5.3 5 
340 -2.42034 3.18035 5.4 5 
341 -2.48381 3.25763 5.4 1 
342 -2.54728 3.3349 5.4 1 
343 -2.61075 3.41218 5.4 1 
344 -2.67422 3.48946 5.4 1 
345 -2.73769 3.56673 5.4 1 
346 -2.80116 3.64401 5.4 1 
347 -2.86463 3.72129 5.4 1 
348 -2.9281 3.79856 5.4 1 
349 -2.99157 3.87584 5.4 1 
350 -3.05504 3.95312 5.4 1 
351 -3.11851 4.03039 5.4 1 
352 -3.11851 4.03039 5.5 5 
353 -3.11851 4.03039 5.6 5 
354 -3.11851 4.03039 5.7 5 
355 -3.20198 4.08546 5.7 1 
356 -3.28545 4.14053 5.7 1 
357 -3.36892 4.1956 5.7 1 
358 -3.45239 4.25067 5.7 1 
359 -3.53586 4.30574 5.7 1 
360 -3.61933 4.3608 5.7 1 
361 -3.70281 4.41587 5.7 1 
362 -3.78628 4.47094 5.7 1 
363 -3.86975 4.52601 5.7 1 
364 -3.86975 4.52601 5.8 5 
365 -3.86975 4.52601 5.9 5 
366 -3.9625 4.5634 5.9 1 
367 -4.05524 4.60078 5.9 1 
368 -4.14799 4.63817 5.9 1 
369 -4.24074 4.67556 5.9 1 
370 -4.33349 4.71295 5.9 1 
371 -4.42624 4.75034 5.9 1 
372 -4.51898 4.78772 5.9 1 
373 -4.61173 4.82511 5.9 1 
374 -4.70448 4.8625 5.9 1 
375 -4.79723 4.89989 5.9 1 
376 -4.88997 4.93727 5.9 1 
377 -4.88997 4.93727 6 5 
378 -4.88997 4.93727 6.1 5 
379 -4.9883 4.95549 6.1 1 
380 -5.08663 4.97371 6.1 1 
381 -5.18496 4.99192 6.1 1 
382 -5.28328 5.01014 6.1 1 
383 -5.38161 5.02836 6.1 1 
384 -5.47994 5.04657 6.1 1 
385 -5.57826 5.06479 6.1 1 
386 -5.57826 5.06479 6.2 5 
387 -5.57826 5.06479 6.3 5 
388 -5.57826 5.06479 6.4 5 
389 -5.67758 5.05313 6.4 1 
390 -5.7769 5.04148 6.4 1 
391 -5.87622 5.02982 6.4 1 
392 -5.97554 5.01817 6.4 1 
393 -6.07485 5.00651 6.4 1 
394 -6.17417 4.99486 6.4 1 
395 -6.27349 4.9832 6.4 1 
396 -6.37281 4.97155 6.4 1 
397 -6.47213 4.95989 6.4 1 
398 -6.57145 4.94824 6.4 1 
399 -6.67077 4.93658 6.4 1 
400 -6.77008 4.92493 6.4 1 
