1 0 0 -0.785398 6 
2 0 0 -1.5708 6 
3 0 0 -2.35619 6 
4 0 0 -3.14159 6 
5 0.1 0 -3.14159 4 
6 0.2 0 -3.14159 4 
7 0.3 0 -3.14159 4 
8 0.4 0 -3.14159 4 
9 0.5 0 -3.14159 4 
10 0.6 0 -3.14159 4 
11 0.7 0 -3.14159 4 
12 0.8 0 -3.14159 4 
13 0.9 0 -3.14159 4 
14 1 0 -3.14159 4 
15 1.1 0 -3.14159 4 
16 1.2 0 -3.14159 4 
17 1.3 0 -3.14159 4 
18 1.4 0 -3.14159 4 
19 1.5 0 -3.14159 4 
20 1.6 0 -3.14159 4 
21 1.7 0 -3.14159 4 
22 1.8 0 -3.14159 4 
23 1.9 0 -3.14159 4 
24 2 0 -3.14159 4 
25 2.1 0 -3.14159 4 
26 2.2 0 -3.14159 4 
27 2.3 0 -3.14159 4 
28 2.4 0 -3.14159 4 
29 2.5 0 -3.14159 4 
30 2.6 0 -3.14159 4 
31 2.7 0 -3.14159 4 
32 2.8 0 -3.14159 4 
33 2.9 0 -3.14159 4 
34 3 0 -3.14159 4 
35 3.1 0 -3.14159 4 
36 3.2 0 -3.14159 4 
37 3.3 0 -3.14159 4 
38 3.4 0 -3.14159 4 
39 3.5 0 -3.14159 4 
40 3.6 0 -3.14159 4 
41 3.7 0 -3.14159 4 
42 3.8 0 -3.14159 4 
43 3.9 0 -3.14159 4 
44 4 0 -3.14159 4 
45 4.1 0 -3.14159 4 
46 4.2 0 -3.14159 4 
47 4.3 0 -3.14159 4 
48 4.4 0 -3.14159 4 
49 4.5 0 -3.14159 4 
50 4.6 0 -3.14159 4 
51 4.7 0 -3.14159 4 
52 4.8 0 -3.14159 4 
53 4.9 0 -3.14159 4 
54 5 0 -3.14159 4 
55 5.1 0 -3.14159 4 
56 5.2 0 -3.14159 4 
57 5.3 0 -3.14159 4 
58 5.4 0 -3.14159 4 
59 5.5 0 -3.14159 4 
60 5.6 0 -3.14159 4 
61 5.7 0 -3.14159 4 
62 5.8 0 -3.14159 4 
63 5.9 0 -3.14159 4 
64 6 0 -3.14159 4 
65 6.1 0 -3.14159 4 
66 6.2 0 -3.14159 4 
67 6.3 0 -3.14159 4 
68 6.4 0 -3.14159 4 
69 6.5 0 -3.14159 4 
70 6.6 0 -3.14159 4 
71 6.7 0 -3.14159 4 
72 6.8 0 -3.14159 4 
73 6.9 0 -3.14159 4 
74 7 0 -3.14159 4 
75 7.1 0 -3.14159 4 
76 7.2 0 -3.14159 4 
77 7.3 0 -3.14159 4 
78 7.4 0 -3.14159 4 
79 7.5 0 -3.14159 4 
80 7.6 0 -3.14159 4 
81 7.7 0 -3.14159 4 
82 7.8 0 -3.14159 4 
83 7.9 0 -3.14159 4 
84 8 0 -3.14159 4 
85 8.1 0 -3.14159 4 
86 8.2 0 -3.14159 4 
87 8.3 0 -3.14159 4 
88 8.4 0 -3.14159 4 
89 8.5 0 -3.14159 4 
90 8.6 0 -3.14159 4 
91 8.7 0 -3.14159 4 
92 8.8 0 -3.14159 4 
93 8.9 0 -3.14159 4 
94 9 0 -3.14159 4 
95 9.1 0 -3.14159 4 
96 9.2 0 -3.14159 4 
97 9.3 0 -3.14159 4 
98 9.4 0 -3.14159 4 
99 9.5 0 -3.14159 4 
100 9.6 0 -3.14159 4 
101 9.7 0 -3.14159 4 
102 9.8 0 -3.14159 4 
103 9.9 0 -3.14159 4 
104 10 0 -3.14159 4 
105 10.1 0 -3.14159 4 
106 10.2 0 -3.14159 4 
107 10.3 0 -3.14159 4 
108 10.4 0 -3.14159 4 
109 10.5 0 -3.14159 4 
110 10.6 0 -3.14159 4 
111 10.7 0 -3.14159 4 
112 10.8 0 -3.14159 4 
113 10.9 0 -3.14159 4 
114 11 0 -3.14159 4 
115 11.1 0 -3.14159 4 
116 11.2 0 -3.14159 4 
117 11.3 0 -3.14159 4 
118 11.4 0 -3.14159 4 
119 11.5 0 -3.14159 4 
120 11.6 0 -3.14159 4 
121 11.7 0 -3.14159 4 
122 11.8 0 -3.14159 4 
123 11.9 0 -3.14159 4 
124 12 0 -3.14159 4 
125 12.1 0 -3.14159 4 
126 12.2 0 -3.14159 4 
127 12.3 0 -3.14159 4 
128 12.4 0 -3.14159 4 
129 12.5 0 -3.14159 4 
130 12.6 0 -3.14159 4 
131 12.7 0 -3.14159 4 
132 12.8 0 -3.14159 4 
133 12.9 0 -3.14159 4 
134 13 0 -3.14159 4 
135 13.1 0 -3.14159 4 
136 13.2 0 -3.14159 4 
137 13.3 0 -3.14159 4 
138 13.4 0 -3.14159 4 
139 13.5 0 -3.14159 4 
140 13.6 0 -3.14159 4 
141 13.7 0 -3.14159 4 
142 13.8 0 -3.14159 4 
143 13.9 0 -3.14159 4 
144 14 0 -3.14159 4 
145 14.1 0 -3.14159 4 
146 14.2 0 -3.14159 4 
147 14.3 0 -3.14159 4 
148 14.4 0 -3.14159 4 
149 14.5 0 -3.14159 4 
150 14.6 0 -3.14159 4 
151 14.7 0 -3.14159 4 
152 14.8 0 -3.14159 4 
153 14.9 0 -3.14159 4 
154 15 0 -3.14159 4 
155 15.1 0 -3.14159 4 
156 15.2 0 -3.14159 4 
157 15.3 0 -3.14159 4 
158 15.4 0 -3.14159 4 
159 15.5 0 -3.14159 4 
160 15.6 0 -3.14159 4 
161 15.7 0 -3.14159 4 
162 15.8 0 -3.14159 4 
163 15.9 0 -3.14159 4 
164 16 0 -3.14159 4 
165 16.1 0 -3.14159 4 
166 16.2 0 -3.14159 4 
167 16.3 0 -3.14159 4 
168 16.4 0 -3.14159 4 
169 16.5 0 -3.14159 4 
170 16.6 0 -3.14159 4 
171 16.7 0 -3.14159 4 
172 16.8 0 -3.14159 4 
173 16.9 0 -3.14159 4 
174 17 0 -3.14159 4 
175 17.1 0 -3.14159 4 
176 17.2 0 -3.14159 4 
177 17.3 0 -3.14159 4 
178 17.4 0 -3.14159 4 
179 17.5 0 -3.14159 4 
180 17.6 0 -3.14159 4 
181 17.7 0 -3.14159 4 
182 17.8 0 -3.14159 4 
183 17.9 0 -3.14159 4 
184 18 0 -3.14159 4 
185 18.1 0 -3.14159 4 
186 18.2 0 -3.14159 4 
187 18.3 0 -3.14159 4 
188 18.4 0 -3.14159 4 
189 18.5 0 -3.14159 4 
190 18.6 0 -3.14159 4 
191 18.7 0 -3.14159 4 
192 18.8 0 -3.14159 4 
193 18.9 0 -3.14159 4 
194 19 0 -3.14159 4 
195 19.1 0 -3.14159 4 
196 19.2 0 -3.14159 4 
197 19.3 0 -3.14159 4 
198 19.4 0 -3.14159 4 
199 19.5 0 -3.14159 4 
200 19.6 0 -3.14159 4 
201 19.7 0 -3.14159 4 
202 19.8 0 -3.14159 4 
203 19.9 0 -3.14159 4 
204 20 0 -3.14159 4 
205 20.1 0 -3.14159 4 
206 20.2 0 -3.14159 4 
207 20.3 0 -3.14159 4 
208 20.4 0 -3.14159 4 
209 20.4 0 -3.92699 6 
210 20.4 0 -4.71239 6 
211 20.4 -0.1 -4.71239 2 
212 20.4 -0.2 -4.71239 2 
213 20.5 -0.2 -4.71239 4 
214 20.6 -0.2 -4.71239 4 
215 20.7 -0.2 -4.71239 4 
216 20.8 -0.2 -4.71239 4 
217 20.9 -0.2 -4.71239 4 
218 20.9 -0.3 -4.71239 2 
219 20.9 -0.4 -4.71239 2 
220 20.9 -0.5 -4.71239 2 
221 20.9 -0.6 -4.71239 2 
222 20.9 -0.7 -4.71239 2 
223 20.9 -0.8 -4.71239 2 
224 20.9 -0.9 -4.71239 2 
225 20.9 -1 -4.71239 2 
226 20.9 -1.1 -4.71239 2 
227 20.9 -1.2 -4.71239 2 
228 20.9 -1.3 -4.71239 2 
229 20.9 -1.4 -4.71239 2 
230 20.9 -1.5 -4.71239 2 
231 20.9 -1.6 -4.71239 2 
232 20.9 -1.7 -4.71239 2 
233 20.9 -1.8 -4.71239 2 
234 20.9 -1.9 -4.71239 2 
235 20.9 -2 -4.71239 2 
236 20.9 -2.1 -4.71239 2 
237 20.9 -2.2 -4.71239 2 
238 20.9 -2.3 -4.71239 2 
239 20.9 -2.4 -4.71239 2 
240 20.9 -2.5 -4.71239 2 
241 20.9 -2.6 -4.71239 2 
242 20.9 -2.7 -4.71239 2 
243 20.9 -2.8 -4.71239 2 
244 20.9 -2.9 -4.71239 2 
245 20.9 -3 -4.71239 2 
246 20.9 -3.1 -4.71239 2 
247 20.9 -3.2 -4.71239 2 
248 20.9 -3.3 -4.71239 2 
249 20.9 -3.4 -4.71239 2 
250 20.9 -3.5 -4.71239 2 
251 20.9 -3.6 -4.71239 2 
252 20.9 -3.7 -4.71239 2 
253 20.9 -3.8 -4.71239 2 
254 20.9 -3.9 -4.71239 2 
255 20.9 -4 -4.71239 2 
256 20.9 -4.1 -4.71239 2 
257 20.9 -4.2 -4.71239 2 
258 20.9 -4.3 -4.71239 2 
259 20.9 -4.4 -4.71239 2 
260 20.9 -4.5 -4.71239 2 
261 20.9 -4.6 -4.71239 2 
262 20.9 -4.7 -4.71239 2 
263 20.9 -4.8 -4.71239 2 
264 20.9 -4.9 -4.71239 2 
265 20.9 -5 -4.71239 2 
266 20.9 -5.1 -4.71239 2 
267 20.9 -5.2 -4.71239 2 
268 20.9 -5.3 -4.71239 2 
269 20.9 -5.4 -4.71239 2 
270 20.9 -5.5 -4.71239 2 
271 20.9 -5.6 -4.71239 2 
272 20.9 -5.7 -4.71239 2 
273 20.9 -5.8 -4.71239 2 
274 20.9 -5.9 -4.71239 2 
275 20.9 -6 -4.71239 2 
276 20.9 -6.1 -4.71239 2 
277 20.9 -6.2 -4.71239 2 
278 20.9 -6.3 -4.71239 2 
279 20.9 -6.4 -4.71239 2 
280 20.9 -6.5 -4.71239 2 
281 20.9 -6.6 -4.71239 2 
282 20.9 -6.7 -4.71239 2 
283 20.9 -6.8 -4.71239 2 
284 20.9 -6.9 -4.71239 2 
285 20.9 -7 -4.71239 2 
286 20.9 -7.1 -4.71239 2 
287 20.9 -7.2 -4.71239 2 
288 20.9 -7.3 -4.71239 2 
289 20.9 -7.4 -4.71239 2 
290 20.9 -7.5 -4.71239 2 
291 20.9 -7.6 -4.71239 2 
292 20.9 -7.7 -4.71239 2 
293 20.9 -7.8 -4.71239 2 
294 20.9 -7.9 -4.71239 2 
295 20.9 -8 -4.71239 2 
296 20.9 -8.1 -4.71239 2 
297 20.9 -8.2 -4.71239 2 
298 20.9 -8.3 -4.71239 2 
299 20.9 -8.4 -4.71239 2 
300 20.9 -8.5 -4.71239 2 
301 20.9 -8.6 -4.71239 2 
302 20.9 -8.7 -4.71239 2 
303 20.9 -8.8 -4.71239 2 
304 20.9 -8.9 -4.71239 2 
305 20.9 -9 -4.71239 2 
306 20.9 -9.1 -4.71239 2 
307 20.9 -9.2 -4.71239 2 
308 20.9 -9.3 -4.71239 2 
309 20.9 -9.4 -4.71239 2 
310 20.9 -9.5 -4.71239 2 
311 20.9 -9.6 -4.71239 2 
312 20.9 -9.7 -4.71239 2 
313 20.9 -9.8 -4.71239 2 
314 20.9 -9.9 -4.71239 2 
315 20.9 -10 -4.71239 2 
316 20.9 -10.1 -4.71239 2 
317 20.9 -10.2 -4.71239 2 
318 20.9 -10.3 -4.71239 2 
319 20.9 -10.4 -4.71239 2 
320 20.9 -10.5 -4.71239 2 
321 20.9 -10.6 -4.71239 2 
322 20.9 -10.7 -4.71239 2 
323 20.9 -10.8 -4.71239 2 
324 20.9 -10.9 -4.71239 2 
325 21 -10.9 -4.71239 4 
326 21.1 -10.9 -4.71239 4 
327 21.2 -10.9 -4.71239 4 
328 21.3 -10.9 -4.71239 4 
329 21.3 -10.9 -3.92699 5 
330 21.3 -10.9 -4.71239 6 
331 21.3 -10.9 -5.49779 6 
332 21.3 -10.9 -6.28319 6 
333 21.3 -11 -6.28319 2 
334 21.3 -11.1 -6.28319 2 
335 21.3 -11.2 -6.28319 2 
336 21.3 -11.3 -6.28319 2 
337 21.3 -11.4 -6.28319 2 
338 21.2 -11.4 -6.28319 3 
339 21.1 -11.4 -6.28319 3 
340 21 -11.4 -6.28319 3 
341 20.9 -11.4 -6.28319 3 
342 20.8 -11.4 -6.28319 3 
343 20.7 -11.4 -6.28319 3 
344 20.6 -11.4 -6.28319 3 
345 20.5 -11.4 -6.28319 3 
346 20.4 -11.4 -6.28319 3 
347 20.3 -11.4 -6.28319 3 
348 20.2 -11.4 -6.28319 3 
349 20.1 -11.4 -6.28319 3 
350 20 -11.4 -6.28319 3 
351 19.9 -11.4 -6.28319 3 
352 19.8 -11.4 -6.28319 3 
353 19.7 -11.4 -6.28319 3 
354 19.6 -11.4 -6.28319 3 
355 19.5 -11.4 -6.28319 3 
356 19.4 -11.4 -6.28319 3 
357 19.3 -11.4 -6.28319 3 
358 19.2 -11.4 -6.28319 3 
359 19.1 -11.4 -6.28319 3 
360 19 -11.4 -6.28319 3 
361 18.9 -11.4 -6.28319 3 
362 18.8 -11.4 -6.28319 3 
363 18.7 -11.4 -6.28319 3 
364 18.6 -11.4 -6.28319 3 
365 18.5 -11.4 -6.28319 3 
366 18.4 -11.4 -6.28319 3 
367 18.3 -11.4 -6.28319 3 
368 18.2 -11.4 -6.28319 3 
369 18.1 -11.4 -6.28319 3 
370 18 -11.4 -6.28319 3 
371 17.9 -11.4 -6.28319 3 
372 17.8 -11.4 -6.28319 3 
373 17.7 -11.4 -6.28319 3 
374 17.7 -11.4 -7.06858 6 
375 17.7 -11.4 -7.85398 6 
376 17.7 -11.4 -8.63938 6 
377 17.7 -11.4 -9.42478 6 
378 17.8 -11.4 -9.42478 4 
379 17.9 -11.4 -9.42478 4 
380 18 -11.4 -9.42478 4 
381 18.1 -11.4 -9.42478 4 
382 18.2 -11.4 -9.42478 4 
383 18.3 -11.4 -9.42478 4 
384 18.4 -11.4 -9.42478 4 
385 18.5 -11.4 -9.42478 4 
386 18.6 -11.4 -9.42478 4 
387 18.7 -11.4 -9.42478 4 
388 18.8 -11.4 -9.42478 4 
389 18.9 -11.4 -9.42478 4 
390 19 -11.4 -9.42478 4 
391 19.1 -11.4 -9.42478 4 
392 19.2 -11.4 -9.42478 4 
393 19.3 -11.4 -9.42478 4 
394 19.4 -11.4 -9.42478 4 
395 19.5 -11.4 -9.42478 4 
396 19.6 -11.4 -9.42478 4 
397 19.7 -11.4 -9.42478 4 
398 19.8 -11.4 -9.42478 4 
399 19.9 -11.4 -9.42478 4 
400 20 -11.4 -9.42478 4 
401 20.1 -11.4 -9.42478 4 
402 20.2 -11.4 -9.42478 4 
403 20.3 -11.4 -9.42478 4 
404 20.4 -11.4 -9.42478 4 
405 20.5 -11.4 -9.42478 4 
406 20.6 -11.4 -9.42478 4 
407 20.7 -11.4 -9.42478 4 
408 20.8 -11.4 -9.42478 4 
409 20.9 -11.4 -9.42478 4 
410 21 -11.4 -9.42478 4 
411 21.1 -11.4 -9.42478 4 
412 21.2 -11.4 -9.42478 4 
413 21.3 -11.4 -9.42478 4 
414 21.3 -11.4 -10.2102 6 
415 21.3 -11.4 -10.9956 6 
416 21.3 -11.5 -10.9956 2 
417 21.3 -11.6 -10.9956 2 
418 21.3 -11.7 -10.9956 2 
419 21.3 -11.8 -10.9956 2 
420 21.3 -11.9 -10.9956 2 
421 21.3 -12 -10.9956 2 
422 21.3 -12.1 -10.9956 2 
423 21.3 -12.2 -10.9956 2 
424 21.3 -12.3 -10.9956 2 
425 21.3 -12.4 -10.9956 2 
426 21.3 -12.5 -10.9956 2 
427 21.3 -12.6 -10.9956 2 
428 21.3 -12.7 -10.9956 2 
429 21.3 -12.8 -10.9956 2 
430 21.3 -12.9 -10.9956 2 
431 21.3 -13 -10.9956 2 
432 21.3 -13.1 -10.9956 2 
433 21.3 -13.2 -10.9956 2 
434 21.3 -13.3 -10.9956 2 
435 21.3 -13.4 -10.9956 2 
436 21.3 -13.5 -10.9956 2 
437 21.3 -13.6 -10.9956 2 
438 21.3 -13.7 -10.9956 2 
439 21.3 -13.8 -10.9956 2 
440 21.3 -13.9 -10.9956 2 
441 21.3 -14 -10.9956 2 
442 21.3 -14.1 -10.9956 2 
443 21.3 -14.2 -10.9956 2 
444 21.3 -14.3 -10.9956 2 
445 21.3 -14.4 -10.9956 2 
446 21.3 -14.5 -10.9956 2 
447 21.3 -14.5 -10.2102 5 
448 21.3 -14.5 -9.42478 5 
449 21.4 -14.5 -9.42478 4 
450 21.5 -14.5 -9.42478 4 
451 21.6 -14.5 -9.42478 4 
452 21.7 -14.5 -9.42478 4 
453 21.8 -14.5 -9.42478 4 
454 21.9 -14.5 -9.42478 4 
455 22 -14.5 -9.42478 4 
456 22.1 -14.5 -9.42478 4 
457 22.2 -14.5 -9.42478 4 
458 22.3 -14.5 -9.42478 4 
459 22.4 -14.5 -9.42478 4 
460 22.5 -14.5 -9.42478 4 
461 22.6 -14.5 -9.42478 4 
462 22.7 -14.5 -9.42478 4 
463 22.8 -14.5 -9.42478 4 
464 22.9 -14.5 -9.42478 4 
465 23 -14.5 -9.42478 4 
466 23.1 -14.5 -9.42478 4 
467 23.2 -14.5 -9.42478 4 
468 23.3 -14.5 -9.42478 4 
469 23.4 -14.5 -9.42478 4 
470 23.5 -14.5 -9.42478 4 
471 23.6 -14.5 -9.42478 4 
472 23.7 -14.5 -9.42478 4 
473 23.8 -14.5 -9.42478 4 
474 23.9 -14.5 -9.42478 4 
475 24 -14.5 -9.42478 4 
476 24.1 -14.5 -9.42478 4 
477 24.2 -14.5 -9.42478 4 
478 24.3 -14.5 -9.42478 4 
479 24.4 -14.5 -9.42478 4 
480 24.5 -14.5 -9.42478 4 
481 24.6 -14.5 -9.42478 4 
482 24.7 -14.5 -9.42478 4 
483 24.8 -14.5 -9.42478 4 
484 24.9 -14.5 -9.42478 4 
485 24.9 -14.5 -8.63938 5 
486 24.9 -14.5 -7.85398 5 
487 24.9 -14.5 -7.06858 5 
488 24.9 -14.5 -6.28319 5 
489 24.8 -14.5 -6.28319 3 
490 24.7 -14.5 -6.28319 3 
491 24.6 -14.5 -6.28319 3 
492 24.5 -14.5 -6.28319 3 
493 24.4 -14.5 -6.28319 3 
494 24.3 -14.5 -6.28319 3 
495 24.2 -14.5 -6.28319 3 
496 24.1 -14.5 -6.28319 3 
497 24 -14.5 -6.28319 3 
498 23.9 -14.5 -6.28319 3 
499 23.8 -14.5 -6.28319 3 
500 23.7 -14.5 -6.28319 3 
501 23.6 -14.5 -6.28319 3 
502 23.5 -14.5 -6.28319 3 
503 23.4 -14.5 -6.28319 3 
504 23.3 -14.5 -6.28319 3 
505 23.2 -14.5 -6.28319 3 
506 23.1 -14.5 -6.28319 3 
507 23 -14.5 -6.28319 3 
508 22.9 -14.5 -6.28319 3 
509 22.8 -14.5 -6.28319 3 
510 22.7 -14.5 -6.28319 3 
511 22.6 -14.5 -6.28319 3 
512 22.5 -14.5 -6.28319 3 
513 22.4 -14.5 -6.28319 3 
514 22.3 -14.5 -6.28319 3 
515 22.2 -14.5 -6.28319 3 
516 22.1 -14.5 -6.28319 3 
517 22 -14.5 -6.28319 3 
518 22.1 -14.5 -6.28319 4 
519 22 -14.5 -6.28319 3 
520 22 -14.6 -6.28319 2 
521 22 -14.7 -6.28319 2 
522 22 -14.8 -6.28319 2 
523 22 -14.9 -6.28319 2 
524 22 -15 -6.28319 2 
525 22 -15.1 -6.28319 2 
526 22 -15.2 -6.28319 2 
527 22 -15.3 -6.28319 2 
528 22 -15.4 -6.28319 2 
529 22 -15.5 -6.28319 2 
530 22 -15.6 -6.28319 2 
531 22 -15.7 -6.28319 2 
532 22 -15.8 -6.28319 2 
533 22 -15.9 -6.28319 2 
534 22 -16 -6.28319 2 
535 22 -16.1 -6.28319 2 
536 22 -16.2 -6.28319 2 
537 22 -16.3 -6.28319 2 
538 22 -16.4 -6.28319 2 
539 21.9 -16.4 -6.28319 3 
540 21.8 -16.4 -6.28319 3 
541 21.7 -16.4 -6.28319 3 
542 21.6 -16.4 -6.28319 3 
543 21.5 -16.4 -6.28319 3 
544 21.4 -16.4 -6.28319 3 
545 21.3 -16.4 -6.28319 3 
546 21.2 -16.4 -6.28319 3 
547 21.1 -16.4 -6.28319 3 
548 21 -16.4 -6.28319 3 
549 20.9 -16.4 -6.28319 3 
550 20.8 -16.4 -6.28319 3 
551 20.7 -16.4 -6.28319 3 
552 20.6 -16.4 -6.28319 3 
553 20.5 -16.4 -6.28319 3 
554 20.4 -16.4 -6.28319 3 
555 20.3 -16.4 -6.28319 3 
556 20.2 -16.4 -6.28319 3 
557 20.1 -16.4 -6.28319 3 
558 20 -16.4 -6.28319 3 
559 19.9 -16.4 -6.28319 3 
560 19.8 -16.4 -6.28319 3 
561 19.7 -16.4 -6.28319 3 
562 19.6 -16.4 -6.28319 3 
563 19.5 -16.4 -6.28319 3 
564 19.4 -16.4 -6.28319 3 
565 19.3 -16.4 -6.28319 3 
566 19.2 -16.4 -6.28319 3 
567 19.1 -16.4 -6.28319 3 
568 19 -16.4 -6.28319 3 
569 18.9 -16.4 -6.28319 3 
570 18.9 -16.4 -5.49779 5 
571 18.9 -16.4 -4.71239 5 
572 18.9 -16.4 -3.92699 5 
573 18.9 -16.4 -4.71239 6 
574 18.9 -16.5 -4.71239 2 
575 18.9 -16.6 -4.71239 2 
576 18.9 -16.7 -4.71239 2 
577 18.9 -16.8 -4.71239 2 
578 18.9 -16.9 -4.71239 2 
579 18.9 -17 -4.71239 2 
580 18.9 -17.1 -4.71239 2 
581 18.9 -17.2 -4.71239 2 
582 19 -17.2 -4.71239 4 
583 19.1 -17.2 -4.71239 4 
584 19.2 -17.2 -4.71239 4 
585 19.2 -17.3 -4.71239 2 
586 19.2 -17.4 -4.71239 2 
587 19.2 -17.5 -4.71239 2 
588 19.2 -17.6 -4.71239 2 
589 19.2 -17.7 -4.71239 2 
590 19.2 -17.8 -4.71239 2 
591 19.2 -17.9 -4.71239 2 
592 19.2 -18 -4.71239 2 
593 19.2 -18.1 -4.71239 2 
594 19.2 -18.2 -4.71239 2 
595 19.2 -18.3 -4.71239 2 
596 19.2 -18.4 -4.71239 2 
597 19.2 -18.5 -4.71239 2 
598 19.2 -18.6 -4.71239 2 
599 19.2 -18.7 -4.71239 2 
600 19.2 -18.8 -4.71239 2 
601 19.2 -18.9 -4.71239 2 
602 19.2 -19 -4.71239 2 
603 19.2 -19 -5.49779 6 
604 19.2 -19 -6.28319 6 
605 19.2 -19 -7.06858 6 
606 19.2 -19 -7.85398 6 
607 19.2 -18.9 -7.85398 1 
608 19.2 -18.8 -7.85398 1 
609 19.2 -18.7 -7.85398 1 
610 19.2 -18.6 -7.85398 1 
611 19.2 -18.5 -7.85398 1 
612 19.2 -18.4 -7.85398 1 
613 19.2 -18.3 -7.85398 1 
614 19.2 -18.2 -7.85398 1 
615 19.2 -18.1 -7.85398 1 
616 19.2 -18 -7.85398 1 
617 19.2 -17.9 -7.85398 1 
618 19.2 -17.8 -7.85398 1 
619 19.2 -17.7 -7.85398 1 
620 19.2 -17.6 -7.85398 1 
621 19.2 -17.5 -7.85398 1 
622 19.2 -17.4 -7.85398 1 
623 19.2 -17.3 -7.85398 1 
624 19.2 -17.2 -7.85398 1 
625 19.2 -17.1 -7.85398 1 
626 19.2 -17 -7.85398 1 
627 19.2 -16.9 -7.85398 1 
628 19.2 -16.8 -7.85398 1 
629 19.2 -16.7 -7.85398 1 
630 19.2 -16.6 -7.85398 1 
631 19.2 -16.5 -7.85398 1 
632 19.2 -16.5 -8.63938 6 
633 19.2 -16.5 -9.42478 6 
634 19.3 -16.5 -9.42478 4 
635 19.4 -16.5 -9.42478 4 
636 19.5 -16.5 -9.42478 4 
637 19.6 -16.5 -9.42478 4 
638 19.7 -16.5 -9.42478 4 
639 19.8 -16.5 -9.42478 4 
640 19.9 -16.5 -9.42478 4 
641 20 -16.5 -9.42478 4 
642 20.1 -16.5 -9.42478 4 
643 20.2 -16.5 -9.42478 4 
644 20.3 -16.5 -9.42478 4 
645 20.4 -16.5 -9.42478 4 
646 20.5 -16.5 -9.42478 4 
647 20.5 -16.5 -10.2102 6 
648 20.5 -16.5 -10.9956 6 
649 20.5 -16.6 -10.9956 2 
650 20.5 -16.7 -10.9956 2 
651 20.5 -16.8 -10.9956 2 
652 20.5 -16.9 -10.9956 2 
653 20.5 -17 -10.9956 2 
654 20.5 -17.1 -10.9956 2 
655 20.5 -17.2 -10.9956 2 
656 20.5 -17.3 -10.9956 2 
657 20.5 -17.4 -10.9956 2 
658 20.5 -17.5 -10.9956 2 
659 20.5 -17.6 -10.9956 2 
660 20.5 -17.7 -10.9956 2 
661 20.5 -17.8 -10.9956 2 
662 20.5 -17.9 -10.9956 2 
663 20.5 -18 -10.9956 2 
664 20.5 -18.1 -10.9956 2 
665 20.5 -18.2 -10.9956 2 
666 20.5 -18.3 -10.9956 2 
667 20.5 -18.4 -10.9956 2 
668 20.5 -18.5 -10.9956 2 
669 20.5 -18.6 -10.9956 2 
670 20.5 -18.7 -10.9956 2 
671 20.5 -18.8 -10.9956 2 
672 20.5 -18.9 -10.9956 2 
673 20.5 -19 -10.9956 2 
674 20.5 -19 -10.2102 5 
675 20.5 -19 -9.42478 5 
676 20.5 -19 -8.63938 5 
677 20.5 -19 -7.85398 5 
678 20.5 -18.9 -7.85398 1 
679 20.5 -18.8 -7.85398 1 
680 20.5 -18.7 -7.85398 1 
681 20.5 -18.6 -7.85398 1 
682 20.5 -18.5 -7.85398 1 
683 20.5 -18.4 -7.85398 1 
684 20.5 -18.3 -7.85398 1 
685 20.5 -18.2 -7.85398 1 
686 20.5 -18.1 -7.85398 1 
687 20.5 -18 -7.85398 1 
688 20.5 -17.9 -7.85398 1 
689 20.5 -17.8 -7.85398 1 
690 20.5 -17.7 -7.85398 1 
691 20.5 -17.6 -7.85398 1 
692 20.5 -17.5 -7.85398 1 
693 20.5 -17.4 -7.85398 1 
694 20.5 -17.3 -7.85398 1 
695 20.5 -17.2 -7.85398 1 
696 20.5 -17.1 -7.85398 1 
697 20.5 -17 -7.85398 1 
698 20.5 -16.9 -7.85398 1 
699 20.5 -16.8 -7.85398 1 
700 20.5 -16.7 -7.85398 1 
701 20.5 -16.6 -7.85398 1 
702 20.5 -16.5 -7.85398 1 
703 20.5 -16.4 -7.85398 1 
704 20.5 -16.3 -7.85398 1 
705 20.6 -16.3 -7.85398 4 
706 20.7 -16.3 -7.85398 4 
707 20.8 -16.3 -7.85398 4 
708 20.9 -16.3 -7.85398 4 
709 21 -16.3 -7.85398 4 
710 21.1 -16.3 -7.85398 4 
711 21.2 -16.3 -7.85398 4 
712 21.3 -16.3 -7.85398 4 
713 21.4 -16.3 -7.85398 4 
714 21.5 -16.3 -7.85398 4 
715 21.5 -16.2 -7.85398 1 
716 21.5 -16.1 -7.85398 1 
717 21.5 -16 -7.85398 1 
718 21.5 -15.9 -7.85398 1 
719 21.5 -15.8 -7.85398 1 
720 21.5 -15.7 -7.85398 1 
721 21.5 -15.6 -7.85398 1 
722 21.5 -15.5 -7.85398 1 
723 21.5 -15.4 -7.85398 1 
724 21.5 -15.3 -7.85398 1 
725 21.5 -15.2 -7.85398 1 
726 21.5 -15.1 -7.85398 1 
727 21.5 -15 -7.85398 1 
728 21.5 -14.9 -7.85398 1 
729 21.5 -14.8 -7.85398 1 
730 21.5 -14.7 -7.85398 1 
731 21.5 -14.6 -7.85398 1 
732 21.5 -14.5 -7.85398 1 
733 21.5 -14.4 -7.85398 1 
734 21.5 -14.3 -7.85398 1 
735 21.5 -14.2 -7.85398 1 
736 21.5 -14.1 -7.85398 1 
737 21.5 -14 -7.85398 1 
738 21.5 -13.9 -7.85398 1 
739 21.5 -13.8 -7.85398 1 
740 21.5 -13.7 -7.85398 1 
741 21.5 -13.6 -7.85398 1 
742 21.5 -13.5 -7.85398 1 
743 21.5 -13.4 -7.85398 1 
744 21.5 -13.3 -7.85398 1 
745 21.5 -13.2 -7.85398 1 
746 21.5 -13.1 -7.85398 1 
747 21.5 -13 -7.85398 1 
748 21.5 -12.9 -7.85398 1 
749 21.5 -12.8 -7.85398 1 
750 21.5 -12.7 -7.85398 1 
751 21.5 -12.6 -7.85398 1 
752 21.5 -12.5 -7.85398 1 
753 21.5 -12.4 -7.85398 1 
754 21.5 -12.3 -7.85398 1 
755 21.5 -12.2 -7.85398 1 
756 21.5 -12.1 -7.85398 1 
757 21.5 -12 -7.85398 1 
758 21.5 -11.9 -7.85398 1 
759 21.5 -11.8 -7.85398 1 
760 21.5 -11.7 -7.85398 1 
761 21.5 -11.6 -7.85398 1 
762 21.5 -11.5 -7.85398 1 
763 21.5 -11.4 -7.85398 1 
764 21.5 -11.3 -7.85398 1 
765 21.5 -11.2 -7.85398 1 
766 21.5 -11.1 -7.85398 1 
767 21.5 -11 -7.85398 1 
768 21.5 -10.9 -7.85398 1 
769 21.5 -10.8 -7.85398 1 
770 21.5 -10.7 -7.85398 1 
771 21.5 -10.6 -7.85398 1 
772 21.5 -10.5 -7.85398 1 
773 21.5 -10.4 -7.85398 1 
774 21.5 -10.3 -7.85398 1 
775 21.5 -10.2 -7.85398 1 
776 21.5 -10.1 -7.85398 1 
777 21.5 -10 -7.85398 1 
778 21.5 -9.9 -7.85398 1 
779 21.5 -9.8 -7.85398 1 
780 21.5 -9.7 -7.85398 1 
781 21.5 -9.6 -7.85398 1 
782 21.5 -9.5 -7.85398 1 
783 21.5 -9.4 -7.85398 1 
784 21.5 -9.3 -7.85398 1 
785 21.5 -9.2 -7.85398 1 
786 21.5 -9.1 -7.85398 1 
787 21.5 -9 -7.85398 1 
788 21.5 -8.9 -7.85398 1 
789 21.5 -8.8 -7.85398 1 
790 21.5 -8.7 -7.85398 1 
791 21.5 -8.6 -7.85398 1 
792 21.5 -8.5 -7.85398 1 
793 21.5 -8.4 -7.85398 1 
794 21.5 -8.3 -7.85398 1 
795 21.5 -8.2 -7.85398 1 
796 21.5 -8.1 -7.85398 1 
797 21.5 -8 -7.85398 1 
798 21.5 -7.9 -7.85398 1 
799 21.5 -7.8 -7.85398 1 
800 21.5 -7.7 -7.85398 1 
801 21.5 -7.6 -7.85398 1 
802 21.5 -7.5 -7.85398 1 
803 21.5 -7.4 -7.85398 1 
804 21.5 -7.3 -7.85398 1 
805 21.5 -7.2 -7.85398 1 
806 21.5 -7.1 -7.85398 1 
807 21.5 -7 -7.85398 1 
808 21.5 -6.9 -7.85398 1 
809 21.5 -6.8 -7.85398 1 
810 21.5 -6.7 -7.85398 1 
811 21.5 -6.6 -7.85398 1 
812 21.5 -6.5 -7.85398 1 
813 21.5 -6.4 -7.85398 1 
814 21.5 -6.3 -7.85398 1 
815 21.5 -6.2 -7.85398 1 
816 21.5 -6.1 -7.85398 1 
817 21.5 -6 -7.85398 1 
818 21.5 -5.9 -7.85398 1 
819 21.5 -5.8 -7.85398 1 
820 21.5 -5.7 -7.85398 1 
821 21.5 -5.6 -7.85398 1 
822 21.5 -5.5 -7.85398 1 
823 21.5 -5.4 -7.85398 1 
824 21.5 -5.3 -7.85398 1 
825 21.5 -5.2 -7.85398 1 
826 21.5 -5.1 -7.85398 1 
827 21.5 -5 -7.85398 1 
828 21.5 -4.9 -7.85398 1 
829 21.5 -4.8 -7.85398 1 
830 21.5 -4.7 -7.85398 1 
831 21.5 -4.6 -7.85398 1 
832 21.5 -4.5 -7.85398 1 
833 21.5 -4.4 -7.85398 1 
834 21.5 -4.3 -7.85398 1 
835 21.5 -4.2 -7.85398 1 
836 21.5 -4.1 -7.85398 1 
837 21.5 -4 -7.85398 1 
838 21.5 -3.9 -7.85398 1 
839 21.5 -3.8 -7.85398 1 
840 21.5 -3.7 -7.85398 1 
841 21.5 -3.6 -7.85398 1 
842 21.5 -3.5 -7.85398 1 
843 21.5 -3.4 -7.85398 1 
844 21.5 -3.3 -7.85398 1 
845 21.5 -3.2 -7.85398 1 
846 21.5 -3.1 -7.85398 1 
847 21.5 -3 -7.85398 1 
848 21.5 -2.9 -7.85398 1 
849 21.5 -2.8 -7.85398 1 
850 21.5 -2.7 -7.85398 1 
851 21.5 -2.6 -7.85398 1 
852 21.5 -2.5 -7.85398 1 
853 21.5 -2.4 -7.85398 1 
854 21.5 -2.3 -7.85398 1 
855 21.5 -2.2 -7.85398 1 
856 21.5 -2.1 -7.85398 1 
857 21.5 -2 -7.85398 1 
858 21.5 -1.9 -7.85398 1 
859 21.5 -1.8 -7.85398 1 
860 21.5 -1.7 -7.85398 1 
861 21.5 -1.6 -7.85398 1 
862 21.5 -1.5 -7.85398 1 
863 21.5 -1.4 -7.85398 1 
864 21.5 -1.3 -7.85398 1 
865 21.5 -1.2 -7.85398 1 
866 21.5 -1.1 -7.85398 1 
867 21.5 -1 -7.85398 1 
868 21.5 -1 -7.06858 5 
869 21.5 -1 -6.28319 5 
870 21.4 -1 -6.28319 3 
871 21.3 -1 -6.28319 3 
872 21.2 -1 -6.28319 3 
873 21.1 -1 -6.28319 3 
874 21 -1 -6.28319 3 
875 20.9 -1 -6.28319 3 
876 20.8 -1 -6.28319 3 
877 20.7 -1 -6.28319 3 
878 20.7 -1 -7.06858 6 
879 20.7 -1 -7.85398 6 
880 20.7 -0.9 -7.85398 1 
881 20.7 -0.8 -7.85398 1 
882 20.7 -0.7 -7.85398 1 
883 20.7 -0.6 -7.85398 1 
884 20.7 -0.5 -7.85398 1 
885 20.7 -0.4 -7.85398 1 
886 20.7 -0.4 -7.06858 5 
887 20.7 -0.4 -6.28319 5 
888 20.6 -0.4 -6.28319 3 
889 20.5 -0.4 -6.28319 3 
890 20.4 -0.4 -6.28319 3 
891 20.3 -0.4 -6.28319 3 
892 20.2 -0.4 -6.28319 3 
893 20.1 -0.4 -6.28319 3 
894 20 -0.4 -6.28319 3 
895 19.9 -0.4 -6.28319 3 
896 19.8 -0.4 -6.28319 3 
897 19.7 -0.4 -6.28319 3 
898 19.6 -0.4 -6.28319 3 
899 19.5 -0.4 -6.28319 3 
900 19.4 -0.4 -6.28319 3 
901 19.3 -0.4 -6.28319 3 
902 19.2 -0.4 -6.28319 3 
903 19.1 -0.4 -6.28319 3 
904 19 -0.4 -6.28319 3 
905 18.9 -0.4 -6.28319 3 
906 18.8 -0.4 -6.28319 3 
907 18.7 -0.4 -6.28319 3 
908 18.6 -0.4 -6.28319 3 
909 18.5 -0.4 -6.28319 3 
910 18.4 -0.4 -6.28319 3 
911 18.3 -0.4 -6.28319 3 
912 18.3 -0.4 -7.06858 6 
913 18.3 -0.4 -7.85398 6 
914 18.3 -0.3 -7.85398 1 
915 18.3 -0.2 -7.85398 1 
916 18.3 -0.1 -7.85398 1 
917 18.3 6.38378e-16 -7.85398 1 
918 18.3 0.1 -7.85398 1 
919 18.3 0.2 -7.85398 1 
920 18.3 0.3 -7.85398 1 
921 18.3 0.4 -7.85398 1 
922 18.3 0.5 -7.85398 1 
923 18.3 0.6 -7.85398 1 
924 18.3 0.7 -7.85398 1 
925 18.3 0.8 -7.85398 1 
926 18.3 0.9 -7.85398 1 
927 18.3 1 -7.85398 1 
928 18.3 1.1 -7.85398 1 
929 18.3 1.2 -7.85398 1 
930 18.3 1.3 -7.85398 1 
931 18.3 1.4 -7.85398 1 
932 18.3 1.5 -7.85398 1 
933 18.3 1.6 -7.85398 1 
934 18.3 1.7 -7.85398 1 
935 18.3 1.8 -7.85398 1 
936 18.3 1.9 -7.85398 1 
937 18.3 2 -7.85398 1 
938 18.3 2.1 -7.85398 1 
939 18.3 2.2 -7.85398 1 
940 18.3 2.3 -7.85398 1 
941 18.3 2.4 -7.85398 1 
942 18.3 2.5 -7.85398 1 
943 18.3 2.6 -7.85398 1 
944 18.3 2.7 -7.85398 1 
945 18.3 2.8 -7.85398 1 
946 18.3 2.9 -7.85398 1 
947 18.3 3 -7.85398 1 
948 18.3 3.1 -7.85398 1 
949 18.3 3.2 -7.85398 1 
950 18.3 3.3 -7.85398 1 
951 18.3 3.4 -7.85398 1 
952 18.3 3.5 -7.85398 1 
953 18.3 3.6 -7.85398 1 
954 18.3 3.7 -7.85398 1 
955 18.3 3.8 -7.85398 1 
956 18.3 3.9 -7.85398 1 
957 18.3 4 -7.85398 1 
958 18.3 4.1 -7.85398 1 
959 18.3 4.2 -7.85398 1 
960 18.3 4.3 -7.85398 1 
961 18.3 4.4 -7.85398 1 
962 18.3 4.5 -7.85398 1 
963 18.3 4.6 -7.85398 1 
964 18.3 4.7 -7.85398 1 
965 18.3 4.8 -7.85398 1 
966 18.3 4.9 -7.85398 1 
967 18.3 5 -7.85398 1 
968 18.3 5.1 -7.85398 1 
969 18.3 5.2 -7.85398 1 
970 18.3 5.3 -7.85398 1 
971 18.3 5.4 -7.85398 1 
972 18.3 5.5 -7.85398 1 
973 18.3 5.6 -7.85398 1 
974 18.3 5.7 -7.85398 1 
975 18.3 5.8 -7.85398 1 
976 18.3 5.9 -7.85398 1 
977 18.3 6 -7.85398 1 
978 18.3 6.1 -7.85398 1 
979 18.3 6.2 -7.85398 1 
980 18.3 6.2 -7.06858 5 
981 18.3 6.2 -6.28319 5 
982 18.3 6.3 -6.28319 1 
983 18.3 6.4 -6.28319 1 
984 18.3 6.5 -6.28319 1 
985 18.3 6.6 -6.28319 1 
986 18.3 6.7 -6.28319 1 
987 18.3 6.8 -6.28319 1 
988 18.3 6.9 -6.28319 1 
989 18.2 6.9 -6.28319 3 
990 18.1 6.9 -6.28319 3 
991 18 6.9 -6.28319 3 
992 17.9 6.9 -6.28319 3 
993 17.8 6.9 -6.28319 3 
994 17.7 6.9 -6.28319 3 
995 17.6 6.9 -6.28319 3 
996 17.5 6.9 -6.28319 3 
997 17.4 6.9 -6.28319 3 
998 17.3 6.9 -6.28319 3 
999 17.2 6.9 -6.28319 3 
1000 17.1 6.9 -6.28319 3 
1001 17 6.9 -6.28319 3 
1002 16.9 6.9 -6.28319 3 
1003 16.8 6.9 -6.28319 3 
1004 16.7 6.9 -6.28319 3 
1005 16.6 6.9 -6.28319 3 
1006 16.5 6.9 -6.28319 3 
1007 16.4 6.9 -6.28319 3 
1008 16.3 6.9 -6.28319 3 
1009 16.2 6.9 -6.28319 3 
1010 16.1 6.9 -6.28319 3 
1011 16 6.9 -6.28319 3 
1012 15.9 6.9 -6.28319 3 
1013 15.8 6.9 -6.28319 3 
1014 15.7 6.9 -6.28319 3 
1015 15.6 6.9 -6.28319 3 
1016 15.5 6.9 -6.28319 3 
1017 15.4 6.9 -6.28319 3 
1018 15.3 6.9 -6.28319 3 
1019 15.2 6.9 -6.28319 3 
1020 15.1 6.9 -6.28319 3 
1021 15 6.9 -6.28319 3 
1022 14.9 6.9 -6.28319 3 
1023 14.8 6.9 -6.28319 3 
1024 14.7 6.9 -6.28319 3 
1025 14.6 6.9 -6.28319 3 
1026 14.5 6.9 -6.28319 3 
1027 14.4 6.9 -6.28319 3 
1028 14.3 6.9 -6.28319 3 
1029 14.2 6.9 -6.28319 3 
1030 14.1 6.9 -6.28319 3 
1031 14 6.9 -6.28319 3 
1032 13.9 6.9 -6.28319 3 
1033 13.8 6.9 -6.28319 3 
1034 13.7 6.9 -6.28319 3 
1035 13.6 6.9 -6.28319 3 
1036 13.5 6.9 -6.28319 3 
1037 13.4 6.9 -6.28319 3 
1038 13.3 6.9 -6.28319 3 
1039 13.2 6.9 -6.28319 3 
1040 13.2 6.9 -5.49779 5 
1041 13.2 6.9 -4.71239 5 
1042 13.2 6.8 -4.71239 2 
1043 13.2 6.7 -4.71239 2 
1044 13.2 6.6 -4.71239 2 
1045 13.2 6.5 -4.71239 2 
1046 13.2 6.4 -4.71239 2 
1047 13.2 6.3 -4.71239 2 
1048 13.2 6.2 -4.71239 2 
1049 13.2 6.1 -4.71239 2 
1050 13.2 6 -4.71239 2 
1051 13.2 5.9 -4.71239 2 
1052 13.2 5.8 -4.71239 2 
1053 13.2 5.7 -4.71239 2 
1054 13.2 5.6 -4.71239 2 
1055 13.2 5.5 -4.71239 2 
1056 13.2 5.4 -4.71239 2 
1057 13.2 5.3 -4.71239 2 
1058 13.2 5.2 -4.71239 2 
1059 13.2 5.1 -4.71239 2 
1060 13.2 5 -4.71239 2 
1061 13.1 5 -4.71239 3 
1062 13 5 -4.71239 3 
1063 12.9 5 -4.71239 3 
1064 12.8 5 -4.71239 3 
1065 12.7 5 -4.71239 3 
1066 12.7 4.9 -4.71239 2 
1067 12.7 4.8 -4.71239 2 
1068 12.7 4.7 -4.71239 2 
1069 12.7 4.6 -4.71239 2 
1070 12.7 4.5 -4.71239 2 
1071 12.7 4.4 -4.71239 2 
1072 12.7 4.3 -4.71239 2 
1073 12.7 4.2 -4.71239 2 
1074 12.7 4.1 -4.71239 2 
1075 12.7 4 -4.71239 2 
1076 12.7 3.9 -4.71239 2 
1077 12.7 3.8 -4.71239 2 
1078 12.7 3.7 -4.71239 2 
1079 12.7 3.6 -4.71239 2 
1080 12.7 3.5 -4.71239 2 
1081 12.7 3.4 -4.71239 2 
1082 12.7 3.3 -4.71239 2 
1083 12.7 3.3 -5.49779 6 
1084 12.7 3.3 -6.28319 6 
1085 12.7 3.3 -7.06858 6 
1086 12.7 3.3 -7.85398 6 
1087 12.7 3.4 -7.85398 1 
1088 12.7 3.5 -7.85398 1 
1089 12.7 3.6 -7.85398 1 
1090 12.7 3.7 -7.85398 1 
1091 12.7 3.8 -7.85398 1 
1092 12.7 3.9 -7.85398 1 
1093 12.7 4 -7.85398 1 
1094 12.7 4.1 -7.85398 1 
1095 12.7 4.2 -7.85398 1 
1096 12.7 4.3 -7.85398 1 
1097 12.7 4.4 -7.85398 1 
1098 12.7 4.5 -7.85398 1 
1099 12.7 4.6 -7.85398 1 
1100 12.7 4.7 -7.85398 1 
1101 12.7 4.8 -7.85398 1 
1102 12.7 4.9 -7.85398 1 
1103 12.7 5 -7.85398 1 
1104 12.7 5.1 -7.85398 1 
1105 12.7 5.2 -7.85398 1 
1106 12.7 5.3 -7.85398 1 
1107 12.7 5.4 -7.85398 1 
1108 12.7 5.5 -7.85398 1 
1109 12.7 5.6 -7.85398 1 
1110 12.7 5.7 -7.85398 1 
1111 12.7 5.8 -7.85398 1 
1112 12.7 5.9 -7.85398 1 
1113 12.7 6 -7.85398 1 
1114 12.7 6.1 -7.85398 1 
1115 12.7 6.2 -7.85398 1 
1116 12.7 6.3 -7.85398 1 
1117 12.7 6.4 -7.85398 1 
1118 12.7 6.5 -7.85398 1 
1119 12.7 6.6 -7.85398 1 
1120 12.7 6.7 -7.85398 1 
1121 12.7 6.8 -7.85398 1 
1122 12.7 6.8 -8.63938 6 
1123 12.7 6.8 -9.42478 6 
1124 12.8 6.8 -9.42478 4 
1125 12.9 6.8 -9.42478 4 
1126 13 6.8 -9.42478 4 
1127 13.1 6.8 -9.42478 4 
1128 13.2 6.8 -9.42478 4 
1129 13.3 6.8 -9.42478 4 
1130 13.4 6.8 -9.42478 4 
1131 13.5 6.8 -9.42478 4 
1132 13.6 6.8 -9.42478 4 
1133 13.7 6.8 -9.42478 4 
1134 13.8 6.8 -9.42478 4 
1135 13.9 6.8 -9.42478 4 
1136 14 6.8 -9.42478 4 
1137 14.1 6.8 -9.42478 4 
1138 14.2 6.8 -9.42478 4 
1139 14.3 6.8 -9.42478 4 
1140 14.4 6.8 -9.42478 4 
1141 14.5 6.8 -9.42478 4 
1142 14.6 6.8 -9.42478 4 
1143 14.7 6.8 -9.42478 4 
1144 14.8 6.8 -9.42478 4 
1145 14.9 6.8 -9.42478 4 
1146 15 6.8 -9.42478 4 
1147 15.1 6.8 -9.42478 4 
1148 15.2 6.8 -9.42478 4 
1149 15.3 6.8 -9.42478 4 
1150 15.4 6.8 -9.42478 4 
1151 15.5 6.8 -9.42478 4 
1152 15.6 6.8 -9.42478 4 
1153 15.7 6.8 -9.42478 4 
1154 15.8 6.8 -9.42478 4 
1155 15.9 6.8 -9.42478 4 
1156 16 6.8 -9.42478 4 
1157 16.1 6.8 -9.42478 4 
1158 16.2 6.8 -9.42478 4 
1159 16.3 6.8 -9.42478 4 
1160 16.4 6.8 -9.42478 4 
1161 16.5 6.8 -9.42478 4 
1162 16.6 6.8 -9.42478 4 
1163 16.7 6.8 -9.42478 4 
1164 16.8 6.8 -9.42478 4 
1165 16.9 6.8 -9.42478 4 
1166 17 6.8 -9.42478 4 
1167 17.1 6.8 -9.42478 4 
1168 17.2 6.8 -9.42478 4 
1169 17.3 6.8 -9.42478 4 
1170 17.4 6.8 -9.42478 4 
1171 17.5 6.8 -9.42478 4 
1172 17.6 6.8 -9.42478 4 
1173 17.7 6.8 -9.42478 4 
1174 17.8 6.8 -9.42478 4 
1175 17.9 6.8 -9.42478 4 
1176 18 6.8 -9.42478 4 
1177 18.1 6.8 -9.42478 4 
1178 18.1 6.9 -9.42478 1 
1179 18.1 7 -9.42478 1 
1180 18.1 7.1 -9.42478 1 
1181 18.1 7.2 -9.42478 1 
1182 18.1 7.3 -9.42478 1 
1183 18.1 7.4 -9.42478 1 
1184 18.2 7.4 -9.42478 4 
1185 18.3 7.4 -9.42478 4 
1186 18.4 7.4 -9.42478 4 
1187 18.5 7.4 -9.42478 4 
1188 18.6 7.4 -9.42478 4 
1189 18.7 7.4 -9.42478 4 
1190 18.8 7.4 -9.42478 4 
1191 18.9 7.4 -9.42478 4 
1192 19 7.4 -9.42478 4 
1193 19.1 7.4 -9.42478 4 
1194 19.2 7.4 -9.42478 4 
1195 19.3 7.4 -9.42478 4 
1196 19.4 7.4 -9.42478 4 
1197 19.5 7.4 -9.42478 4 
1198 19.6 7.4 -9.42478 4 
1199 19.7 7.4 -9.42478 4 
1200 19.8 7.4 -9.42478 4 
1201 19.9 7.4 -9.42478 4 
1202 20 7.4 -9.42478 4 
1203 20.1 7.4 -9.42478 4 
1204 20.2 7.4 -9.42478 4 
1205 20.3 7.4 -9.42478 4 
1206 20.4 7.4 -9.42478 4 
1207 20.5 7.4 -9.42478 4 
1208 20.6 7.4 -9.42478 4 
1209 20.7 7.4 -9.42478 4 
1210 20.7 7.4 -10.2102 6 
1211 20.7 7.4 -10.9956 6 
1212 20.7 7.4 -11.781 6 
1213 20.7 7.4 -12.5664 6 
1214 20.7 7.3 -12.5664 2 
1215 20.6 7.3 -12.5664 3 
1216 20.5 7.3 -12.5664 3 
1217 20.4 7.3 -12.5664 3 
1218 20.3 7.3 -12.5664 3 
1219 20.2 7.3 -12.5664 3 
1220 20.1 7.3 -12.5664 3 
1221 20 7.3 -12.5664 3 
1222 19.9 7.3 -12.5664 3 
1223 19.8 7.3 -12.5664 3 
1224 19.7 7.3 -12.5664 3 
1225 19.6 7.3 -12.5664 3 
1226 19.5 7.3 -12.5664 3 
1227 19.4 7.3 -12.5664 3 
1228 19.3 7.3 -12.5664 3 
1229 19.2 7.3 -12.5664 3 
1230 19.1 7.3 -12.5664 3 
1231 19 7.3 -12.5664 3 
1232 18.9 7.3 -12.5664 3 
1233 18.8 7.3 -12.5664 3 
1234 18.7 7.3 -12.5664 3 
1235 18.6 7.3 -12.5664 3 
1236 18.5 7.3 -12.5664 3 
1237 18.4 7.3 -12.5664 3 
1238 18.3 7.3 -12.5664 3 
1239 18.3 7.3 -13.3518 6 
1240 18.3 7.3 -14.1372 6 
1241 18.3 7.4 -14.1372 1 
1242 18.3 7.5 -14.1372 1 
1243 18.3 7.6 -14.1372 1 
1244 18.3 7.7 -14.1372 1 
1245 18.3 7.8 -14.1372 1 
1246 18.3 7.9 -14.1372 1 
1247 18.3 8 -14.1372 1 
1248 18.3 8.1 -14.1372 1 
1249 18.3 8.2 -14.1372 1 
1250 18.3 8.3 -14.1372 1 
1251 18.3 8.4 -14.1372 1 
1252 18.3 8.5 -14.1372 1 
1253 18.3 8.6 -14.1372 1 
1254 18.3 8.7 -14.1372 1 
1255 18.3 8.8 -14.1372 1 
1256 18.3 8.9 -14.1372 1 
1257 18.3 9 -14.1372 1 
1258 18.3 9.1 -14.1372 1 
1259 18.3 9.2 -14.1372 1 
1260 18.3 9.3 -14.1372 1 
1261 18.3 9.4 -14.1372 1 
1262 18.3 9.5 -14.1372 1 
1263 18.3 9.6 -14.1372 1 
1264 18.3 9.7 -14.1372 1 
1265 18.3 9.8 -14.1372 1 
1266 18.3 9.9 -14.1372 1 
1267 18.3 10 -14.1372 1 
1268 18.3 10.1 -14.1372 1 
1269 18.3 10.2 -14.1372 1 
1270 18.3 10.3 -14.1372 1 
1271 18.3 10.4 -14.1372 1 
1272 18.3 10.5 -14.1372 1 
1273 18.3 10.6 -14.1372 1 
1274 18.3 10.7 -14.1372 1 
1275 18.3 10.8 -14.1372 1 
1276 18.3 10.9 -14.1372 1 
1277 18.3 11 -14.1372 1 
1278 18.3 11.1 -14.1372 1 
1279 18.3 11.2 -14.1372 1 
1280 18.3 11.3 -14.1372 1 
1281 18.3 11.4 -14.1372 1 
1282 18.3 11.5 -14.1372 1 
1283 18.3 11.6 -14.1372 1 
1284 18.3 11.7 -14.1372 1 
1285 18.3 11.8 -14.1372 1 
1286 18.3 11.9 -14.1372 1 
1287 18.3 12 -14.1372 1 
1288 18.3 12.1 -14.1372 1 
1289 18.3 12.2 -14.1372 1 
1290 18.3 12.3 -14.1372 1 
1291 18.3 12.4 -14.1372 1 
1292 18.3 12.5 -14.1372 1 
1293 18.3 12.6 -14.1372 1 
1294 18.3 12.6 -14.9226 6 
1295 18.3 12.6 -15.708 6 
1296 18.4 12.6 -15.708 4 
1297 18.5 12.6 -15.708 4 
1298 18.6 12.6 -15.708 4 
1299 18.7 12.6 -15.708 4 
1300 18.8 12.6 -15.708 4 
1301 18.9 12.6 -15.708 4 
1302 18.9 12.7 -15.708 1 
1303 18.9 12.8 -15.708 1 
1304 19 12.8 -15.708 4 
1305 19.1 12.8 -15.708 4 
1306 19.2 12.8 -15.708 4 
1307 19.3 12.8 -15.708 4 
1308 19.4 12.8 -15.708 4 
1309 19.5 12.8 -15.708 4 
1310 19.6 12.8 -15.708 4 
1311 19.7 12.8 -15.708 4 
1312 19.8 12.8 -15.708 4 
1313 19.9 12.8 -15.708 4 
1314 20 12.8 -15.708 4 
1315 20.1 12.8 -15.708 4 
1316 20.2 12.8 -15.708 4 
1317 20.3 12.8 -15.708 4 
1318 20.4 12.8 -15.708 4 
1319 20.4 12.8 -16.4934 6 
1320 20.4 12.8 -17.2788 6 
1321 20.4 12.8 -18.0642 6 
1322 20.4 12.8 -18.8496 6 
1323 20.3 12.8 -18.8496 3 
1324 20.2 12.8 -18.8496 3 
1325 20.1 12.8 -18.8496 3 
1326 20 12.8 -18.8496 3 
1327 19.9 12.8 -18.8496 3 
1328 19.8 12.8 -18.8496 3 
1329 19.7 12.8 -18.8496 3 
1330 19.6 12.8 -18.8496 3 
1331 19.5 12.8 -18.8496 3 
1332 19.4 12.8 -18.8496 3 
1333 19.3 12.8 -18.8496 3 
1334 19.2 12.8 -18.8496 3 
1335 19.1 12.8 -18.8496 3 
1336 19 12.8 -18.8496 3 
1337 18.9 12.8 -18.8496 3 
1338 18.8 12.8 -18.8496 3 
1339 18.7 12.8 -18.8496 3 
1340 18.6 12.8 -18.8496 3 
1341 18.5 12.8 -18.8496 3 
1342 18.4 12.8 -18.8496 3 
1343 18.4 12.8 -19.635 6 
1344 18.4 12.8 -20.4204 6 
1345 18.4 12.9 -20.4204 1 
1346 18.4 13 -20.4204 1 
1347 18.4 13.1 -20.4204 1 
1348 18.4 13.2 -20.4204 1 
1349 18.4 13.3 -20.4204 1 
1350 18.4 13.4 -20.4204 1 
1351 18.4 13.5 -20.4204 1 
1352 18.4 13.6 -20.4204 1 
1353 18.4 13.7 -20.4204 1 
1354 18.4 13.8 -20.4204 1 
1355 18.4 13.9 -20.4204 1 
1356 18.4 14 -20.4204 1 
1357 18.4 14.1 -20.4204 1 
1358 18.4 14.2 -20.4204 1 
1359 18.4 14.3 -20.4204 1 
1360 18.4 14.4 -20.4204 1 
1361 18.4 14.5 -20.4204 1 
1362 18.4 14.6 -20.4204 1 
1363 18.4 14.7 -20.4204 1 
1364 18.4 14.8 -20.4204 1 
1365 18.4 14.9 -20.4204 1 
1366 18.4 15 -20.4204 1 
1367 18.5 15 -20.4204 4 
1368 18.6 15 -20.4204 4 
1369 18.7 15 -20.4204 4 
1370 18.8 15 -20.4204 4 
1371 18.9 15 -20.4204 4 
1372 19 15 -20.4204 4 
1373 19 15.1 -20.4204 1 
1374 19 15.2 -20.4204 1 
1375 19 15.3 -20.4204 1 
1376 19 15.4 -20.4204 1 
1377 19 15.5 -20.4204 1 
1378 19 15.6 -20.4204 1 
1379 19 15.7 -20.4204 1 
1380 19 15.8 -20.4204 1 
1381 19 15.9 -20.4204 1 
1382 19 16 -20.4204 1 
1383 19 16.1 -20.4204 1 
1384 19 16.2 -20.4204 1 
1385 19 16.3 -20.4204 1 
1386 19 16.4 -20.4204 1 
1387 19 16.5 -20.4204 1 
1388 19 16.6 -20.4204 1 
1389 19 16.7 -20.4204 1 
1390 19 16.8 -20.4204 1 
1391 19 16.9 -20.4204 1 
1392 19 17 -20.4204 1 
1393 19 17.1 -20.4204 1 
1394 19 17.2 -20.4204 1 
1395 19 17.3 -20.4204 1 
1396 19 17.4 -20.4204 1 
1397 19 17.5 -20.4204 1 
1398 19 17.6 -20.4204 1 
1399 19 17.7 -20.4204 1 
1400 19 17.8 -20.4204 1 
1401 19 17.9 -20.4204 1 
1402 19 18 -20.4204 1 
1403 19 18.1 -20.4204 1 
1404 19 18.2 -20.4204 1 
1405 19 18.3 -20.4204 1 
1406 19 18.4 -20.4204 1 
1407 19 18.5 -20.4204 1 
1408 19 18.6 -20.4204 1 
1409 19 18.7 -20.4204 1 
1410 19 18.8 -20.4204 1 
1411 19 18.9 -20.4204 1 
1412 19 19 -20.4204 1 
1413 19 19.1 -20.4204 1 
1414 19 19.2 -20.4204 1 
1415 19 19.3 -20.4204 1 
1416 19 19.4 -20.4204 1 
1417 19 19.5 -20.4204 1 
1418 19 19.6 -20.4204 1 
1419 19 19.7 -20.4204 1 
1420 19 19.8 -20.4204 1 
1421 19 19.9 -20.4204 1 
1422 19 20 -20.4204 1 
1423 19 20.1 -20.4204 1 
1424 19 20.2 -20.4204 1 
1425 19 20.3 -20.4204 1 
1426 19 20.4 -20.4204 1 
1427 19 20.5 -20.4204 1 
1428 19 20.6 -20.4204 1 
1429 19 20.6 -19.635 5 
1430 19 20.6 -18.8496 5 
1431 19 20.6 -18.0642 5 
1432 19 20.6 -17.2788 5 
1433 19 20.5 -17.2788 2 
1434 19 20.4 -17.2788 2 
1435 19 20.3 -17.2788 2 
1436 19 20.2 -17.2788 2 
1437 19 20.1 -17.2788 2 
1438 19 20 -17.2788 2 
1439 19 19.9 -17.2788 2 
1440 19 19.8 -17.2788 2 
1441 19 19.7 -17.2788 2 
1442 19 19.6 -17.2788 2 
1443 19 19.5 -17.2788 2 
1444 19 19.4 -17.2788 2 
1445 19 19.3 -17.2788 2 
1446 19 19.2 -17.2788 2 
1447 19 19.1 -17.2788 2 
1448 19 19 -17.2788 2 
1449 19 18.9 -17.2788 2 
1450 19 18.8 -17.2788 2 
1451 19 18.7 -17.2788 2 
1452 19 18.6 -17.2788 2 
1453 19 18.5 -17.2788 2 
1454 19 18.4 -17.2788 2 
1455 19 18.3 -17.2788 2 
1456 19 18.2 -17.2788 2 
1457 19 18.1 -17.2788 2 
1458 19 18 -17.2788 2 
1459 19 17.9 -17.2788 2 
1460 19 17.8 -17.2788 2 
1461 19 17.7 -17.2788 2 
1462 19 17.6 -17.2788 2 
1463 19 17.5 -17.2788 2 
1464 19 17.4 -17.2788 2 
1465 19 17.3 -17.2788 2 
1466 19 17.2 -17.2788 2 
1467 19 17.1 -17.2788 2 
1468 19 17 -17.2788 2 
1469 19 16.9 -17.2788 2 
1470 19 16.8 -17.2788 2 
1471 19 16.7 -17.2788 2 
1472 19 16.6 -17.2788 2 
1473 19 16.5 -17.2788 2 
1474 19 16.4 -17.2788 2 
1475 19 16.3 -17.2788 2 
1476 19 16.2 -17.2788 2 
1477 19 16.1 -17.2788 2 
1478 19 16 -17.2788 2 
1479 19 15.9 -17.2788 2 
1480 19 15.8 -17.2788 2 
1481 19 15.7 -17.2788 2 
1482 19 15.6 -17.2788 2 
1483 19 15.5 -17.2788 2 
1484 19 15.4 -17.2788 2 
1485 19 15.3 -17.2788 2 
1486 19 15.2 -17.2788 2 
1487 19 15.2 -16.4934 5 
1488 19 15.2 -15.708 5 
1489 19 15.1 -15.708 2 
1490 19 15 -15.708 2 
1491 19.1 15 -15.708 4 
1492 19.2 15 -15.708 4 
1493 19.3 15 -15.708 4 
1494 19.4 15 -15.708 4 
1495 19.5 15 -15.708 4 
1496 19.6 15 -15.708 4 
1497 19.7 15 -15.708 4 
1498 19.8 15 -15.708 4 
1499 19.9 15 -15.708 4 
1500 20 15 -15.708 4 
1501 20.1 15 -15.708 4 
1502 20.2 15 -15.708 4 
1503 20.3 15 -15.708 4 
1504 20.4 15 -15.708 4 
1505 20.5 15 -15.708 4 
1506 20.6 15 -15.708 4 
1507 20.7 15 -15.708 4 
1508 20.8 15 -15.708 4 
1509 20.9 15 -15.708 4 
1510 21 15 -15.708 4 
1511 21.1 15 -15.708 4 
1512 21.2 15 -15.708 4 
1513 21.3 15 -15.708 4 
1514 21.4 15 -15.708 4 
1515 21.5 15 -15.708 4 
1516 21.6 15 -15.708 4 
1517 21.7 15 -15.708 4 
1518 21.8 15 -15.708 4 
1519 21.9 15 -15.708 4 
1520 21.9 15 -14.9226 5 
1521 21.9 15 -14.1372 5 
1522 21.9 15 -13.3518 5 
1523 21.9 15 -12.5664 5 
1524 21.9 14.9 -12.5664 2 
1525 21.8 14.9 -12.5664 3 
1526 21.7 14.9 -12.5664 3 
1527 21.6 14.9 -12.5664 3 
1528 21.5 14.9 -12.5664 3 
1529 21.4 14.9 -12.5664 3 
1530 21.3 14.9 -12.5664 3 
1531 21.2 14.9 -12.5664 3 
1532 21.1 14.9 -12.5664 3 
1533 21 14.9 -12.5664 3 
1534 20.9 14.9 -12.5664 3 
1535 20.8 14.9 -12.5664 3 
1536 20.7 14.9 -12.5664 3 
1537 20.6 14.9 -12.5664 3 
1538 20.5 14.9 -12.5664 3 
1539 20.4 14.9 -12.5664 3 
1540 20.3 14.9 -12.5664 3 
1541 20.2 14.9 -12.5664 3 
1542 20.1 14.9 -12.5664 3 
1543 20 14.9 -12.5664 3 
1544 19.9 14.9 -12.5664 3 
1545 19.8 14.9 -12.5664 3 
1546 19.7 14.9 -12.5664 3 
1547 19.6 14.9 -12.5664 3 
1548 19.5 14.9 -12.5664 3 
1549 19.4 14.9 -12.5664 3 
1550 19.3 14.9 -12.5664 3 
1551 19.2 14.9 -12.5664 3 
1552 19.1 14.9 -12.5664 3 
1553 19 14.9 -12.5664 3 
1554 18.9 14.9 -12.5664 3 
1555 18.8 14.9 -12.5664 3 
1556 18.7 14.9 -12.5664 3 
1557 18.6 14.9 -12.5664 3 
1558 18.5 14.9 -12.5664 3 
1559 18.4 14.9 -12.5664 3 
1560 18.3 14.9 -12.5664 3 
1561 18.2 14.9 -12.5664 3 
1562 18.1 14.9 -12.5664 3 
1563 18 14.9 -12.5664 3 
1564 17.9 14.9 -12.5664 3 
1565 17.8 14.9 -12.5664 3 
1566 17.7 14.9 -12.5664 3 
1567 17.6 14.9 -12.5664 3 
1568 17.5 14.9 -12.5664 3 
1569 17.4 14.9 -12.5664 3 
1570 17.3 14.9 -12.5664 3 
1571 17.2 14.9 -12.5664 3 
1572 17.1 14.9 -12.5664 3 
1573 17 14.9 -12.5664 3 
1574 16.9 14.9 -12.5664 3 
1575 16.8 14.9 -12.5664 3 
1576 16.7 14.9 -12.5664 3 
1577 16.6 14.9 -12.5664 3 
1578 16.5 14.9 -12.5664 3 
1579 16.4 14.9 -12.5664 3 
1580 16.3 14.9 -12.5664 3 
1581 16.2 14.9 -12.5664 3 
1582 16.1 14.9 -12.5664 3 
1583 16 14.9 -12.5664 3 
1584 15.9 14.9 -12.5664 3 
1585 15.8 14.9 -12.5664 3 
1586 15.7 14.9 -12.5664 3 
1587 15.6 14.9 -12.5664 3 
1588 15.5 14.9 -12.5664 3 
1589 15.4 14.9 -12.5664 3 
1590 15.3 14.9 -12.5664 3 
1591 15.2 14.9 -12.5664 3 
1592 15.1 14.9 -12.5664 3 
1593 15 14.9 -12.5664 3 
1594 14.9 14.9 -12.5664 3 
1595 14.8 14.9 -12.5664 3 
1596 14.7 14.9 -12.5664 3 
1597 14.6 14.9 -12.5664 3 
1598 14.5 14.9 -12.5664 3 
1599 14.4 14.9 -12.5664 3 
1600 14.3 14.9 -12.5664 3 
1601 14.2 14.9 -12.5664 3 
1602 14.1 14.9 -12.5664 3 
1603 14 14.9 -12.5664 3 
1604 13.9 14.9 -12.5664 3 
1605 13.8 14.9 -12.5664 3 
1606 13.7 14.9 -12.5664 3 
1607 13.6 14.9 -12.5664 3 
1608 13.5 14.9 -12.5664 3 
1609 13.4 14.9 -12.5664 3 
1610 13.3 14.9 -12.5664 3 
1611 13.2 14.9 -12.5664 3 
1612 13.1 14.9 -12.5664 3 
1613 13 14.9 -12.5664 3 
1614 12.9 14.9 -12.5664 3 
1615 12.8 14.9 -12.5664 3 
1616 12.7 14.9 -12.5664 3 
1617 12.6 14.9 -12.5664 3 
1618 12.6 14.9 -13.3518 6 
1619 12.6 14.9 -14.1372 6 
1620 12.6 15 -14.1372 1 
1621 12.6 15.1 -14.1372 1 
1622 12.6 15.2 -14.1372 1 
1623 12.6 15.3 -14.1372 1 
1624 12.6 15.4 -14.1372 1 
1625 12.6 15.5 -14.1372 1 
1626 12.6 15.6 -14.1372 1 
1627 12.6 15.7 -14.1372 1 
1628 12.6 15.8 -14.1372 1 
1629 12.6 15.9 -14.1372 1 
1630 12.6 16 -14.1372 1 
1631 12.6 16.1 -14.1372 1 
1632 12.6 16.2 -14.1372 1 
1633 12.6 16.3 -14.1372 1 
1634 12.6 16.4 -14.1372 1 
1635 12.6 16.5 -14.1372 1 
1636 12.6 16.6 -14.1372 1 
1637 12.6 16.7 -14.1372 1 
1638 12.6 16.8 -14.1372 1 
1639 12.6 16.9 -14.1372 1 
1640 12.6 17 -14.1372 1 
1641 12.6 17.1 -14.1372 1 
1642 12.6 17.2 -14.1372 1 
1643 12.6 17.3 -14.1372 1 
1644 12.6 17.4 -14.1372 1 
1645 12.6 17.5 -14.1372 1 
1646 12.6 17.6 -14.1372 1 
1647 12.6 17.7 -14.1372 1 
1648 12.6 17.8 -14.1372 1 
1649 12.6 17.9 -14.1372 1 
1650 12.6 18 -14.1372 1 
1651 12.6 18.1 -14.1372 1 
1652 12.6 18.2 -14.1372 1 
1653 12.6 18.3 -14.1372 1 
1654 12.6 18.4 -14.1372 1 
1655 12.6 18.5 -14.1372 1 
1656 12.6 18.6 -14.1372 1 
1657 12.6 18.7 -14.1372 1 
1658 12.6 18.8 -14.1372 1 
1659 12.6 18.9 -14.1372 1 
1660 12.6 19 -14.1372 1 
1661 12.6 19.1 -14.1372 1 
1662 12.6 19.2 -14.1372 1 
1663 12.6 19.3 -14.1372 1 
1664 12.6 19.4 -14.1372 1 
1665 12.6 19.5 -14.1372 1 
1666 12.6 19.6 -14.1372 1 
1667 12.6 19.7 -14.1372 1 
1668 12.6 19.8 -14.1372 1 
1669 12.6 19.9 -14.1372 1 
1670 12.6 19.9 -13.3518 5 
1671 12.6 19.9 -12.5664 5 
1672 12.6 19.9 -11.781 5 
1673 12.6 19.9 -10.9956 5 
1674 12.6 19.8 -10.9956 2 
1675 12.6 19.7 -10.9956 2 
1676 12.6 19.6 -10.9956 2 
1677 12.6 19.5 -10.9956 2 
1678 12.6 19.4 -10.9956 2 
1679 12.6 19.3 -10.9956 2 
1680 12.6 19.2 -10.9956 2 
1681 12.6 19.1 -10.9956 2 
1682 12.6 19 -10.9956 2 
1683 12.6 18.9 -10.9956 2 
1684 12.6 18.8 -10.9956 2 
1685 12.6 18.7 -10.9956 2 
1686 12.6 18.6 -10.9956 2 
1687 12.6 18.5 -10.9956 2 
1688 12.6 18.4 -10.9956 2 
1689 12.6 18.3 -10.9956 2 
1690 12.6 18.2 -10.9956 2 
1691 12.6 18.1 -10.9956 2 
1692 12.6 18 -10.9956 2 
1693 12.6 17.9 -10.9956 2 
1694 12.6 17.8 -10.9956 2 
1695 12.6 17.7 -10.9956 2 
1696 12.6 17.6 -10.9956 2 
1697 12.6 17.5 -10.9956 2 
1698 12.6 17.4 -10.9956 2 
1699 12.6 17.3 -10.9956 2 
1700 12.6 17.2 -10.9956 2 
1701 12.6 17.1 -10.9956 2 
1702 12.6 17 -10.9956 2 
1703 12.6 16.9 -10.9956 2 
1704 12.6 16.8 -10.9956 2 
1705 12.6 16.7 -10.9956 2 
1706 12.6 16.6 -10.9956 2 
1707 12.6 16.5 -10.9956 2 
1708 12.6 16.4 -10.9956 2 
1709 12.6 16.3 -10.9956 2 
1710 12.6 16.2 -10.9956 2 
1711 12.6 16.1 -10.9956 2 
1712 12.6 16 -10.9956 2 
1713 12.6 15.9 -10.9956 2 
1714 12.6 15.8 -10.9956 2 
1715 12.6 15.7 -10.9956 2 
1716 12.6 15.6 -10.9956 2 
1717 12.6 15.5 -10.9956 2 
1718 12.6 15.4 -10.9956 2 
1719 12.6 15.3 -10.9956 2 
1720 12.6 15.2 -10.9956 2 
1721 12.6 15.1 -10.9956 2 
1722 12.6 15.1 -10.2102 5 
1723 12.6 15.1 -9.42478 5 
1724 12.7 15.1 -9.42478 4 
1725 12.8 15.1 -9.42478 4 
1726 12.9 15.1 -9.42478 4 
1727 13 15.1 -9.42478 4 
1728 13.1 15.1 -9.42478 4 
1729 13.2 15.1 -9.42478 4 
1730 13.3 15.1 -9.42478 4 
1731 13.4 15.1 -9.42478 4 
1732 13.5 15.1 -9.42478 4 
1733 13.6 15.1 -9.42478 4 
1734 13.7 15.1 -9.42478 4 
1735 13.8 15.1 -9.42478 4 
1736 13.9 15.1 -9.42478 4 
1737 14 15.1 -9.42478 4 
1738 14.1 15.1 -9.42478 4 
1739 14.2 15.1 -9.42478 4 
1740 14.3 15.1 -9.42478 4 
1741 14.3 15.1 -8.63938 5 
1742 14.3 15.1 -7.85398 5 
1743 14.3 15.2 -7.85398 1 
1744 14.3 15.3 -7.85398 1 
1745 14.3 15.4 -7.85398 1 
1746 14.3 15.5 -7.85398 1 
1747 14.3 15.6 -7.85398 1 
1748 14.3 15.7 -7.85398 1 
1749 14.3 15.8 -7.85398 1 
1750 14.3 15.9 -7.85398 1 
1751 14.3 16 -7.85398 1 
1752 14.3 16.1 -7.85398 1 
1753 14.3 16.2 -7.85398 1 
1754 14.3 16.3 -7.85398 1 
1755 14.3 16.4 -7.85398 1 
1756 14.3 16.5 -7.85398 1 
1757 14.3 16.6 -7.85398 1 
1758 14.3 16.7 -7.85398 1 
1759 14.3 16.8 -7.85398 1 
1760 14.3 16.9 -7.85398 1 
1761 14.3 17 -7.85398 1 
1762 14.3 17.1 -7.85398 1 
1763 14.3 17.2 -7.85398 1 
1764 14.3 17.3 -7.85398 1 
1765 14.3 17.4 -7.85398 1 
1766 14.3 17.5 -7.85398 1 
1767 14.3 17.6 -7.85398 1 
1768 14.3 17.7 -7.85398 1 
1769 14.3 17.8 -7.85398 1 
1770 14.3 17.9 -7.85398 1 
1771 14.3 18 -7.85398 1 
1772 14.3 18.1 -7.85398 1 
1773 14.3 18.2 -7.85398 1 
1774 14.3 18.3 -7.85398 1 
1775 14.3 18.4 -7.85398 1 
1776 14.3 18.5 -7.85398 1 
1777 14.3 18.6 -7.85398 1 
1778 14.3 18.7 -7.85398 1 
1779 14.3 18.8 -7.85398 1 
1780 14.3 18.9 -7.85398 1 
1781 14.3 19 -7.85398 1 
1782 14.3 19.1 -7.85398 1 
1783 14.3 19.2 -7.85398 1 
1784 14.3 19.3 -7.85398 1 
1785 14.3 19.4 -7.85398 1 
1786 14.3 19.5 -7.85398 1 
1787 14.3 19.6 -7.85398 1 
1788 14.3 19.7 -7.85398 1 
1789 14.3 19.8 -7.85398 1 
1790 14.3 19.9 -7.85398 1 
1791 14.3 20 -7.85398 1 
1792 14.3 20 -8.63938 6 
1793 14.3 20 -9.42478 6 
1794 14.4 20 -9.42478 4 
1795 14.5 20 -9.42478 4 
1796 14.6 20 -9.42478 4 
1797 14.7 20 -9.42478 4 
1798 14.8 20 -9.42478 4 
1799 14.8 20 -10.2102 6 
1800 14.8 20 -10.9956 6 
1801 14.7 20 -10.9956 3 
1802 14.6 20 -10.9956 3 
1803 14.5 20 -10.9956 3 
1804 14.5 19.9 -10.9956 2 
1805 14.5 19.8 -10.9956 2 
1806 14.5 19.7 -10.9956 2 
1807 14.5 19.6 -10.9956 2 
1808 14.5 19.5 -10.9956 2 
1809 14.5 19.4 -10.9956 2 
1810 14.5 19.3 -10.9956 2 
1811 14.5 19.2 -10.9956 2 
1812 14.5 19.1 -10.9956 2 
1813 14.5 19 -10.9956 2 
1814 14.5 18.9 -10.9956 2 
1815 14.5 18.8 -10.9956 2 
1816 14.5 18.7 -10.9956 2 
1817 14.5 18.6 -10.9956 2 
1818 14.5 18.5 -10.9956 2 
1819 14.5 18.4 -10.9956 2 
1820 14.5 18.3 -10.9956 2 
1821 14.5 18.2 -10.9956 2 
1822 14.5 18.1 -10.9956 2 
1823 14.5 18 -10.9956 2 
1824 14.5 17.9 -10.9956 2 
1825 14.5 17.8 -10.9956 2 
1826 14.5 17.7 -10.9956 2 
1827 14.5 17.6 -10.9956 2 
1828 14.5 17.5 -10.9956 2 
1829 14.5 17.4 -10.9956 2 
1830 14.5 17.3 -10.9956 2 
1831 14.5 17.2 -10.9956 2 
1832 14.5 17.1 -10.9956 2 
1833 14.5 17 -10.9956 2 
1834 14.5 16.9 -10.9956 2 
1835 14.5 16.8 -10.9956 2 
1836 14.5 16.7 -10.9956 2 
1837 14.5 16.6 -10.9956 2 
1838 14.5 16.5 -10.9956 2 
1839 14.5 16.4 -10.9956 2 
1840 14.5 16.3 -10.9956 2 
1841 14.5 16.2 -10.9956 2 
1842 14.5 16.1 -10.9956 2 
1843 14.5 16 -10.9956 2 
1844 14.5 15.9 -10.9956 2 
1845 14.5 15.8 -10.9956 2 
1846 14.5 15.7 -10.9956 2 
1847 14.5 15.6 -10.9956 2 
1848 14.5 15.5 -10.9956 2 
1849 14.5 15.4 -10.9956 2 
1850 14.5 15.3 -10.9956 2 
1851 14.5 15.3 -11.781 6 
1852 14.5 15.3 -12.5664 6 
1853 14.4 15.3 -12.5664 3 
1854 14.3 15.3 -12.5664 3 
1855 14.2 15.3 -12.5664 3 
1856 14.1 15.3 -12.5664 3 
1857 14 15.3 -12.5664 3 
1858 13.9 15.3 -12.5664 3 
1859 13.8 15.3 -12.5664 3 
1860 13.7 15.3 -12.5664 3 
1861 13.6 15.3 -12.5664 3 
1862 13.5 15.3 -12.5664 3 
1863 13.4 15.3 -12.5664 3 
1864 13.3 15.3 -12.5664 3 
1865 13.2 15.3 -12.5664 3 
1866 13.1 15.3 -12.5664 3 
1867 13 15.3 -12.5664 3 
1868 12.9 15.3 -12.5664 3 
1869 12.8 15.3 -12.5664 3 
1870 12.7 15.3 -12.5664 3 
1871 12.6 15.3 -12.5664 3 
1872 12.5 15.3 -12.5664 3 
1873 12.4 15.3 -12.5664 3 
1874 12.3 15.3 -12.5664 3 
1875 12.2 15.3 -12.5664 3 
1876 12.1 15.3 -12.5664 3 
1877 12 15.3 -12.5664 3 
1878 11.9 15.3 -12.5664 3 
1879 11.8 15.3 -12.5664 3 
1880 11.7 15.3 -12.5664 3 
1881 11.6 15.3 -12.5664 3 
1882 11.5 15.3 -12.5664 3 
1883 11.4 15.3 -12.5664 3 
1884 11.3 15.3 -12.5664 3 
1885 11.2 15.3 -12.5664 3 
1886 11.1 15.3 -12.5664 3 
1887 11 15.3 -12.5664 3 
1888 10.9 15.3 -12.5664 3 
1889 10.8 15.3 -12.5664 3 
1890 10.7 15.3 -12.5664 3 
1891 10.6 15.3 -12.5664 3 
1892 10.5 15.3 -12.5664 3 
1893 10.4 15.3 -12.5664 3 
1894 10.3 15.3 -12.5664 3 
1895 10.2 15.3 -12.5664 3 
1896 10.1 15.3 -12.5664 3 
1897 10 15.3 -12.5664 3 
1898 9.9 15.3 -12.5664 3 
1899 9.8 15.3 -12.5664 3 
1900 9.8 15.3 -13.3518 6 
1901 9.8 15.3 -14.1372 6 
1902 9.7 15.3 -14.1372 3 
1903 9.6 15.3 -14.1372 3 
1904 9.5 15.3 -14.1372 3 
1905 9.5 15.4 -14.1372 1 
1906 9.5 15.5 -14.1372 1 
1907 9.5 15.6 -14.1372 1 
1908 9.5 15.7 -14.1372 1 
1909 9.5 15.8 -14.1372 1 
1910 9.5 15.9 -14.1372 1 
1911 9.5 16 -14.1372 1 
1912 9.5 16.1 -14.1372 1 
1913 9.5 16.2 -14.1372 1 
1914 9.5 16.3 -14.1372 1 
1915 9.5 16.4 -14.1372 1 
1916 9.5 16.5 -14.1372 1 
1917 9.5 16.5 -13.3518 5 
1918 9.5 16.5 -12.5664 5 
1919 9.5 16.5 -11.781 5 
1920 9.5 16.5 -10.9956 5 
1921 9.5 16.4 -10.9956 2 
1922 9.5 16.3 -10.9956 2 
1923 9.5 16.2 -10.9956 2 
1924 9.5 16.1 -10.9956 2 
1925 9.5 16 -10.9956 2 
1926 9.5 15.9 -10.9956 2 
1927 9.5 15.8 -10.9956 2 
1928 9.5 15.7 -10.9956 2 
1929 9.5 15.6 -10.9956 2 
1930 9.5 15.5 -10.9956 2 
1931 9.5 15.4 -10.9956 2 
1932 9.5 15.4 -11.781 6 
1933 9.5 15.4 -12.5664 6 
1934 9.4 15.4 -12.5664 3 
1935 9.3 15.4 -12.5664 3 
1936 9.2 15.4 -12.5664 3 
1937 9.1 15.4 -12.5664 3 
1938 9 15.4 -12.5664 3 
1939 8.9 15.4 -12.5664 3 
1940 8.8 15.4 -12.5664 3 
1941 8.7 15.4 -12.5664 3 
1942 8.6 15.4 -12.5664 3 
1943 8.5 15.4 -12.5664 3 
1944 8.4 15.4 -12.5664 3 
1945 8.3 15.4 -12.5664 3 
1946 8.2 15.4 -12.5664 3 
1947 8.1 15.4 -12.5664 3 
1948 8 15.4 -12.5664 3 
1949 7.9 15.4 -12.5664 3 
1950 7.8 15.4 -12.5664 3 
1951 7.7 15.4 -12.5664 3 
1952 7.6 15.4 -12.5664 3 
1953 7.5 15.4 -12.5664 3 
1954 7.4 15.4 -12.5664 3 
1955 7.3 15.4 -12.5664 3 
1956 7.2 15.4 -12.5664 3 
1957 7.1 15.4 -12.5664 3 
1958 7 15.4 -12.5664 3 
1959 6.9 15.4 -12.5664 3 
1960 6.8 15.4 -12.5664 3 
1961 6.7 15.4 -12.5664 3 
1962 6.6 15.4 -12.5664 3 
1963 6.5 15.4 -12.5664 3 
1964 6.4 15.4 -12.5664 3 
1965 6.3 15.4 -12.5664 3 
1966 6.2 15.4 -12.5664 3 
1967 6.1 15.4 -12.5664 3 
1968 6 15.4 -12.5664 3 
1969 5.9 15.4 -12.5664 3 
1970 5.8 15.4 -12.5664 3 
1971 5.7 15.4 -12.5664 3 
1972 5.6 15.4 -12.5664 3 
1973 5.5 15.4 -12.5664 3 
1974 5.4 15.4 -12.5664 3 
1975 5.3 15.4 -12.5664 3 
1976 5.2 15.4 -12.5664 3 
1977 5.1 15.4 -12.5664 3 
1978 5 15.4 -12.5664 3 
1979 4.9 15.4 -12.5664 3 
1980 4.9 15.4 -13.3518 6 
1981 4.9 15.4 -14.1372 6 
1982 4.8 15.4 -14.1372 3 
1983 4.7 15.4 -14.1372 3 
1984 4.7 15.5 -14.1372 1 
1985 4.7 15.6 -14.1372 1 
1986 4.7 15.7 -14.1372 1 
1987 4.7 15.8 -14.1372 1 
1988 4.7 15.9 -14.1372 1 
1989 4.7 16 -14.1372 1 
1990 4.7 16.1 -14.1372 1 
1991 4.7 16.2 -14.1372 1 
1992 4.7 16.3 -14.1372 1 
1993 4.7 16.4 -14.1372 1 
1994 4.7 16.5 -14.1372 1 
1995 4.7 16.6 -14.1372 1 
1996 4.7 16.7 -14.1372 1 
1997 4.7 16.8 -14.1372 1 
1998 4.7 16.9 -14.1372 1 
1999 4.7 17 -14.1372 1 
2000 4.7 17.1 -14.1372 1 
2001 4.7 17.2 -14.1372 1 
2002 4.7 17.3 -14.1372 1 
2003 4.7 17.4 -14.1372 1 
2004 4.7 17.5 -14.1372 1 
2005 4.7 17.6 -14.1372 1 
2006 4.7 17.7 -14.1372 1 
2007 4.7 17.8 -14.1372 1 
2008 4.7 17.8 -14.9226 6 
2009 4.7 17.8 -15.708 6 
2010 4.7 17.8 -16.4934 6 
2011 4.7 17.8 -17.2788 6 
2012 4.7 17.7 -17.2788 2 
2013 4.7 17.6 -17.2788 2 
2014 4.7 17.5 -17.2788 2 
2015 4.7 17.4 -17.2788 2 
2016 4.7 17.3 -17.2788 2 
2017 4.7 17.2 -17.2788 2 
2018 4.7 17.1 -17.2788 2 
2019 4.7 17 -17.2788 2 
2020 4.7 16.9 -17.2788 2 
2021 4.7 16.8 -17.2788 2 
2022 4.7 16.7 -17.2788 2 
2023 4.7 16.6 -17.2788 2 
2024 4.7 16.5 -17.2788 2 
2025 4.7 16.4 -17.2788 2 
2026 4.7 16.3 -17.2788 2 
2027 4.7 16.2 -17.2788 2 
2028 4.7 16.1 -17.2788 2 
2029 4.7 16 -17.2788 2 
2030 4.7 15.9 -17.2788 2 
2031 4.7 15.8 -17.2788 2 
2032 4.7 15.7 -17.2788 2 
2033 4.7 15.6 -17.2788 2 
2034 4.7 15.5 -17.2788 2 
2035 4.7 15.4 -17.2788 2 
2036 4.7 15.3 -17.2788 2 
2037 4.7 15.2 -17.2788 2 
2038 4.7 15.1 -17.2788 2 
2039 4.7 15 -17.2788 2 
2040 4.7 14.9 -17.2788 2 
2041 4.7 14.8 -17.2788 2 
2042 4.7 14.7 -17.2788 2 
2043 4.7 14.6 -17.2788 2 
2044 4.7 14.5 -17.2788 2 
2045 4.7 14.4 -17.2788 2 
2046 4.7 14.3 -17.2788 2 
2047 4.7 14.2 -17.2788 2 
2048 4.7 14.1 -17.2788 2 
2049 4.7 14 -17.2788 2 
2050 4.7 13.9 -17.2788 2 
2051 4.7 13.8 -17.2788 2 
2052 4.7 13.7 -17.2788 2 
2053 4.7 13.6 -17.2788 2 
2054 4.7 13.5 -17.2788 2 
2055 4.7 13.4 -17.2788 2 
2056 4.7 13.3 -17.2788 2 
2057 4.7 13.3 -16.4934 5 
2058 4.7 13.3 -15.708 5 
2059 4.8 13.3 -15.708 4 
2060 4.9 13.3 -15.708 4 
2061 5 13.3 -15.708 4 
2062 5.1 13.3 -15.708 4 
2063 5.2 13.3 -15.708 4 
2064 5.3 13.3 -15.708 4 
2065 5.4 13.3 -15.708 4 
2066 5.5 13.3 -15.708 4 
2067 5.6 13.3 -15.708 4 
2068 5.7 13.3 -15.708 4 
2069 5.8 13.3 -15.708 4 
2070 5.9 13.3 -15.708 4 
2071 6 13.3 -15.708 4 
2072 6.1 13.3 -15.708 4 
2073 6.2 13.3 -15.708 4 
2074 6.2 13.3 -16.4934 6 
2075 6.2 13.3 -17.2788 6 
2076 6.2 13.2 -17.2788 2 
2077 6.2 13.1 -17.2788 2 
2078 6.2 13.1 -16.4934 5 
2079 6.2 13.1 -15.708 5 
2080 6.3 13.1 -15.708 4 
2081 6.4 13.1 -15.708 4 
2082 6.5 13.1 -15.708 4 
2083 6.6 13.1 -15.708 4 
2084 6.7 13.1 -15.708 4 
2085 6.8 13.1 -15.708 4 
2086 6.9 13.1 -15.708 4 
2087 7 13.1 -15.708 4 
2088 7.1 13.1 -15.708 4 
2089 7.2 13.1 -15.708 4 
2090 7.2 13.1 -16.4934 6 
2091 7.2 13.1 -17.2788 6 
2092 7.2 13 -17.2788 2 
2093 7.2 12.9 -17.2788 2 
2094 7.2 12.8 -17.2788 2 
2095 7.2 12.7 -17.2788 2 
2096 7.2 12.6 -17.2788 2 
2097 7.2 12.5 -17.2788 2 
2098 7.2 12.4 -17.2788 2 
2099 7.2 12.3 -17.2788 2 
2100 7.2 12.2 -17.2788 2 
2101 7.2 12.1 -17.2788 2 
2102 7.2 12 -17.2788 2 
2103 7.2 11.9 -17.2788 2 
2104 7.2 11.8 -17.2788 2 
2105 7.2 11.7 -17.2788 2 
2106 7.2 11.6 -17.2788 2 
2107 7.2 11.5 -17.2788 2 
2108 7.2 11.4 -17.2788 2 
2109 7.2 11.3 -17.2788 2 
2110 7.2 11.2 -17.2788 2 
2111 7.2 11.1 -17.2788 2 
2112 7.2 11 -17.2788 2 
2113 7.2 10.9 -17.2788 2 
2114 7.2 10.8 -17.2788 2 
2115 7.2 10.7 -17.2788 2 
2116 7.2 10.6 -17.2788 2 
2117 7.2 10.5 -17.2788 2 
2118 7.2 10.4 -17.2788 2 
2119 7.2 10.4 -18.0642 6 
2120 7.2 10.4 -18.8496 6 
2121 7.2 10.4 -19.635 6 
2122 7.2 10.4 -20.4204 6 
2123 7.2 10.5 -20.4204 1 
2124 7.2 10.6 -20.4204 1 
2125 7.3 10.6 -20.4204 4 
2126 7.4 10.6 -20.4204 4 
2127 7.5 10.6 -20.4204 4 
2128 7.5 10.7 -20.4204 1 
2129 7.5 10.8 -20.4204 1 
2130 7.5 10.9 -20.4204 1 
2131 7.5 11 -20.4204 1 
2132 7.5 11.1 -20.4204 1 
2133 7.5 11.2 -20.4204 1 
2134 7.5 11.3 -20.4204 1 
2135 7.5 11.4 -20.4204 1 
2136 7.5 11.5 -20.4204 1 
2137 7.5 11.6 -20.4204 1 
2138 7.5 11.7 -20.4204 1 
2139 7.5 11.8 -20.4204 1 
2140 7.5 11.9 -20.4204 1 
2141 7.5 12 -20.4204 1 
2142 7.5 12.1 -20.4204 1 
2143 7.5 12.2 -20.4204 1 
2144 7.5 12.3 -20.4204 1 
2145 7.5 12.4 -20.4204 1 
2146 7.5 12.5 -20.4204 1 
2147 7.5 12.6 -20.4204 1 
2148 7.5 12.7 -20.4204 1 
2149 7.5 12.8 -20.4204 1 
2150 7.5 12.9 -20.4204 1 
2151 7.5 12.9 -19.635 5 
2152 7.5 12.9 -18.8496 5 
2153 7.4 12.9 -18.8496 3 
2154 7.3 12.9 -18.8496 3 
2155 7.2 12.9 -18.8496 3 
2156 7.1 12.9 -18.8496 3 
2157 7 12.9 -18.8496 3 
2158 6.9 12.9 -18.8496 3 
2159 6.8 12.9 -18.8496 3 
2160 6.7 12.9 -18.8496 3 
2161 6.6 12.9 -18.8496 3 
2162 6.5 12.9 -18.8496 3 
2163 6.4 12.9 -18.8496 3 
2164 6.3 12.9 -18.8496 3 
2165 6.2 12.9 -18.8496 3 
2166 6.1 12.9 -18.8496 3 
2167 6 12.9 -18.8496 3 
2168 5.9 12.9 -18.8496 3 
2169 5.8 12.9 -18.8496 3 
2170 5.7 12.9 -18.8496 3 
2171 5.6 12.9 -18.8496 3 
2172 5.5 12.9 -18.8496 3 
2173 5.4 12.9 -18.8496 3 
2174 5.3 12.9 -18.8496 3 
2175 5.2 12.9 -18.8496 3 
2176 5.1 12.9 -18.8496 3 
2177 5 12.9 -18.8496 3 
2178 4.9 12.9 -18.8496 3 
2179 4.9 12.9 -19.635 6 
2180 4.9 12.9 -20.4204 6 
2181 4.9 13 -20.4204 1 
2182 4.9 13.1 -20.4204 1 
2183 4.9 13.2 -20.4204 1 
2184 4.9 13.3 -20.4204 1 
2185 4.9 13.4 -20.4204 1 
2186 4.9 13.5 -20.4204 1 
2187 4.9 13.6 -20.4204 1 
2188 4.9 13.7 -20.4204 1 
2189 4.9 13.8 -20.4204 1 
2190 4.9 13.9 -20.4204 1 
2191 4.9 14 -20.4204 1 
2192 4.9 14.1 -20.4204 1 
2193 4.9 14.2 -20.4204 1 
2194 4.9 14.3 -20.4204 1 
2195 4.9 14.4 -20.4204 1 
2196 4.9 14.5 -20.4204 1 
2197 4.9 14.6 -20.4204 1 
2198 4.9 14.7 -20.4204 1 
2199 4.9 14.8 -20.4204 1 
2200 4.9 14.9 -20.4204 1 
2201 4.9 14.9 -19.635 5 
2202 4.9 14.9 -18.8496 5 
2203 4.8 14.9 -18.8496 3 
2204 4.7 14.9 -18.8496 3 
2205 4.6 14.9 -18.8496 3 
2206 4.5 14.9 -18.8496 3 
2207 4.4 14.9 -18.8496 3 
2208 4.3 14.9 -18.8496 3 
2209 4.2 14.9 -18.8496 3 
2210 4.1 14.9 -18.8496 3 
2211 4 14.9 -18.8496 3 
2212 3.9 14.9 -18.8496 3 
2213 3.8 14.9 -18.8496 3 
2214 3.7 14.9 -18.8496 3 
2215 3.6 14.9 -18.8496 3 
2216 3.5 14.9 -18.8496 3 
2217 3.4 14.9 -18.8496 3 
2218 3.3 14.9 -18.8496 3 
2219 3.2 14.9 -18.8496 3 
2220 3.1 14.9 -18.8496 3 
2221 3 14.9 -18.8496 3 
2222 2.9 14.9 -18.8496 3 
2223 2.9 14.9 -19.635 6 
2224 2.9 14.9 -20.4204 6 
2225 2.9 15 -20.4204 1 
2226 2.9 15.1 -20.4204 1 
2227 2.9 15.2 -20.4204 1 
2228 2.9 15.3 -20.4204 1 
2229 2.9 15.4 -20.4204 1 
2230 2.9 15.5 -20.4204 1 
2231 2.9 15.6 -20.4204 1 
2232 2.9 15.7 -20.4204 1 
2233 2.9 15.8 -20.4204 1 
2234 2.9 15.9 -20.4204 1 
2235 2.9 16 -20.4204 1 
2236 2.9 16.1 -20.4204 1 
2237 2.9 16.2 -20.4204 1 
2238 2.9 16.3 -20.4204 1 
2239 2.9 16.4 -20.4204 1 
2240 2.9 16.5 -20.4204 1 
2241 2.9 16.6 -20.4204 1 
2242 2.9 16.7 -20.4204 1 
2243 2.9 16.8 -20.4204 1 
2244 2.9 16.9 -20.4204 1 
2245 2.9 17 -20.4204 1 
2246 2.9 17.1 -20.4204 1 
2247 2.9 17.2 -20.4204 1 
2248 2.9 17.3 -20.4204 1 
2249 2.9 17.4 -20.4204 1 
2250 2.9 17.5 -20.4204 1 
2251 2.9 17.6 -20.4204 1 
2252 2.9 17.7 -20.4204 1 
2253 2.9 17.8 -20.4204 1 
2254 2.9 17.9 -20.4204 1 
2255 2.9 18 -20.4204 1 
2256 2.9 18.1 -20.4204 1 
2257 2.9 18.2 -20.4204 1 
2258 2.9 18.3 -20.4204 1 
2259 2.9 18.4 -20.4204 1 
2260 2.9 18.5 -20.4204 1 
2261 2.9 18.6 -20.4204 1 
2262 2.9 18.7 -20.4204 1 
2263 2.9 18.8 -20.4204 1 
2264 2.9 18.9 -20.4204 1 
2265 2.9 19 -20.4204 1 
2266 2.9 19.1 -20.4204 1 
2267 2.9 19.2 -20.4204 1 
2268 2.9 19.3 -20.4204 1 
2269 2.9 19.4 -20.4204 1 
2270 2.9 19.5 -20.4204 1 
2271 2.9 19.6 -20.4204 1 
2272 2.9 19.7 -20.4204 1 
2273 2.9 19.8 -20.4204 1 
2274 2.9 19.9 -20.4204 1 
2275 2.9 20 -20.4204 1 
2276 2.9 20.1 -20.4204 1 
2277 2.9 20.2 -20.4204 1 
2278 2.9 20.2 -19.635 5 
2279 2.9 20.2 -18.8496 5 
2280 2.9 20.2 -18.0642 5 
2281 2.9 20.2 -17.2788 5 
2282 2.9 20.1 -17.2788 2 
2283 2.9 20 -17.2788 2 
2284 2.9 19.9 -17.2788 2 
2285 2.9 19.8 -17.2788 2 
2286 2.9 19.7 -17.2788 2 
2287 2.9 19.6 -17.2788 2 
2288 2.9 19.5 -17.2788 2 
2289 2.9 19.4 -17.2788 2 
2290 2.9 19.3 -17.2788 2 
2291 2.9 19.2 -17.2788 2 
2292 2.9 19.1 -17.2788 2 
2293 2.9 19 -17.2788 2 
2294 2.9 18.9 -17.2788 2 
2295 2.9 18.8 -17.2788 2 
2296 2.9 18.7 -17.2788 2 
2297 2.9 18.6 -17.2788 2 
2298 2.9 18.5 -17.2788 2 
2299 2.9 18.4 -17.2788 2 
2300 2.9 18.3 -17.2788 2 
2301 2.9 18.2 -17.2788 2 
2302 2.9 18.1 -17.2788 2 
2303 2.9 18 -17.2788 2 
2304 2.9 17.9 -17.2788 2 
2305 2.9 17.8 -17.2788 2 
2306 2.9 17.7 -17.2788 2 
2307 2.9 17.6 -17.2788 2 
2308 2.9 17.5 -17.2788 2 
2309 2.9 17.4 -17.2788 2 
2310 2.9 17.3 -17.2788 2 
2311 2.9 17.2 -17.2788 2 
2312 2.9 17.1 -17.2788 2 
2313 2.9 17 -17.2788 2 
2314 2.9 16.9 -17.2788 2 
2315 2.9 16.8 -17.2788 2 
2316 2.9 16.7 -17.2788 2 
2317 2.9 16.6 -17.2788 2 
2318 2.9 16.5 -17.2788 2 
2319 2.9 16.4 -17.2788 2 
2320 2.9 16.3 -17.2788 2 
2321 2.9 16.2 -17.2788 2 
2322 2.9 16.1 -17.2788 2 
2323 2.9 16 -17.2788 2 
2324 2.9 15.9 -17.2788 2 
2325 2.9 15.8 -17.2788 2 
2326 2.9 15.7 -17.2788 2 
2327 2.9 15.6 -17.2788 2 
2328 2.9 15.5 -17.2788 2 
2329 2.9 15.4 -17.2788 2 
2330 2.9 15.4 -18.0642 6 
2331 2.9 15.4 -18.8496 6 
2332 2.8 15.4 -18.8496 3 
2333 2.7 15.4 -18.8496 3 
2334 2.6 15.4 -18.8496 3 
2335 2.5 15.4 -18.8496 3 
2336 2.4 15.4 -18.8496 3 
2337 2.3 15.4 -18.8496 3 
2338 2.2 15.4 -18.8496 3 
2339 2.1 15.4 -18.8496 3 
2340 2 15.4 -18.8496 3 
2341 1.9 15.4 -18.8496 3 
2342 1.8 15.4 -18.8496 3 
2343 1.7 15.4 -18.8496 3 
2344 1.6 15.4 -18.8496 3 
2345 1.5 15.4 -18.8496 3 
2346 1.4 15.4 -18.8496 3 
2347 1.3 15.4 -18.8496 3 
2348 1.2 15.4 -18.8496 3 
2349 1.1 15.4 -18.8496 3 
2350 1 15.4 -18.8496 3 
2351 0.9 15.4 -18.8496 3 
2352 0.8 15.4 -18.8496 3 
2353 0.7 15.4 -18.8496 3 
2354 0.6 15.4 -18.8496 3 
2355 0.5 15.4 -18.8496 3 
2356 0.4 15.4 -18.8496 3 
2357 0.3 15.4 -18.8496 3 
2358 0.2 15.4 -18.8496 3 
2359 0.1 15.4 -18.8496 3 
2360 -6.38378e-16 15.4 -18.8496 3 
2361 -0.1 15.4 -18.8496 3 
2362 -0.2 15.4 -18.8496 3 
2363 -0.3 15.4 -18.8496 3 
2364 -0.4 15.4 -18.8496 3 
2365 -0.5 15.4 -18.8496 3 
2366 -0.6 15.4 -18.8496 3 
2367 -0.7 15.4 -18.8496 3 
2368 -0.8 15.4 -18.8496 3 
2369 -0.9 15.4 -18.8496 3 
2370 -1 15.4 -18.8496 3 
2371 -1.1 15.4 -18.8496 3 
2372 -1.2 15.4 -18.8496 3 
2373 -1.3 15.4 -18.8496 3 
2374 -1.4 15.4 -18.8496 3 
2375 -1.5 15.4 -18.8496 3 
2376 -1.6 15.4 -18.8496 3 
2377 -1.7 15.4 -18.8496 3 
2378 -1.8 15.4 -18.8496 3 
2379 -1.8 15.4 -19.635 6 
2380 -1.8 15.4 -20.4204 6 
2381 -1.8 15.5 -20.4204 1 
2382 -1.8 15.6 -20.4204 1 
2383 -1.8 15.7 -20.4204 1 
2384 -1.8 15.8 -20.4204 1 
2385 -1.8 15.9 -20.4204 1 
2386 -1.8 16 -20.4204 1 
2387 -1.8 16.1 -20.4204 1 
2388 -1.8 16.2 -20.4204 1 
2389 -1.8 16.3 -20.4204 1 
2390 -1.8 16.4 -20.4204 1 
2391 -1.8 16.5 -20.4204 1 
2392 -1.8 16.6 -20.4204 1 
2393 -1.8 16.7 -20.4204 1 
2394 -1.8 16.8 -20.4204 1 
2395 -1.8 16.9 -20.4204 1 
2396 -1.8 17 -20.4204 1 
2397 -1.8 17.1 -20.4204 1 
2398 -1.8 17.2 -20.4204 1 
2399 -1.8 17.3 -20.4204 1 
2400 -1.8 17.4 -20.4204 1 
2401 -1.8 17.5 -20.4204 1 
2402 -1.8 17.6 -20.4204 1 
2403 -1.8 17.7 -20.4204 1 
2404 -1.8 17.8 -20.4204 1 
2405 -1.8 17.9 -20.4204 1 
2406 -1.8 18 -20.4204 1 
2407 -1.8 18.1 -20.4204 1 
2408 -1.8 18.2 -20.4204 1 
2409 -1.8 18.3 -20.4204 1 
2410 -1.8 18.4 -20.4204 1 
2411 -1.8 18.5 -20.4204 1 
2412 -1.8 18.6 -20.4204 1 
2413 -1.8 18.7 -20.4204 1 
2414 -1.8 18.8 -20.4204 1 
2415 -1.8 18.9 -20.4204 1 
2416 -1.8 19 -20.4204 1 
2417 -1.8 19.1 -20.4204 1 
2418 -1.8 19.2 -20.4204 1 
2419 -1.8 19.3 -20.4204 1 
2420 -1.8 19.4 -20.4204 1 
2421 -1.8 19.5 -20.4204 1 
2422 -1.8 19.6 -20.4204 1 
2423 -1.8 19.7 -20.4204 1 
2424 -1.8 19.8 -20.4204 1 
2425 -1.8 19.9 -20.4204 1 
2426 -1.8 20 -20.4204 1 
2427 -1.8 20.1 -20.4204 1 
2428 -1.8 20.2 -20.4204 1 
2429 -1.8 20.2 -21.2057 6 
2430 -1.8 20.2 -21.9911 6 
2431 -1.7 20.2 -21.9911 4 
2432 -1.6 20.2 -21.9911 4 
2433 -1.5 20.2 -21.9911 4 
2434 -1.4 20.2 -21.9911 4 
2435 -1.3 20.2 -21.9911 4 
2436 -1.3 20.2 -22.7765 6 
2437 -1.3 20.2 -23.5619 6 
2438 -1.3 20.1 -23.5619 2 
2439 -1.3 20 -23.5619 2 
2440 -1.4 20 -23.5619 3 
2441 -1.5 20 -23.5619 3 
2442 -1.6 20 -23.5619 3 
2443 -1.6 19.9 -23.5619 2 
2444 -1.6 19.8 -23.5619 2 
2445 -1.6 19.7 -23.5619 2 
2446 -1.6 19.6 -23.5619 2 
2447 -1.6 19.5 -23.5619 2 
2448 -1.6 19.4 -23.5619 2 
2449 -1.6 19.3 -23.5619 2 
2450 -1.6 19.2 -23.5619 2 
2451 -1.6 19.1 -23.5619 2 
2452 -1.6 19 -23.5619 2 
2453 -1.6 18.9 -23.5619 2 
2454 -1.6 18.8 -23.5619 2 
2455 -1.6 18.7 -23.5619 2 
2456 -1.6 18.6 -23.5619 2 
2457 -1.6 18.5 -23.5619 2 
2458 -1.6 18.4 -23.5619 2 
2459 -1.6 18.3 -23.5619 2 
2460 -1.6 18.2 -23.5619 2 
2461 -1.6 18.1 -23.5619 2 
2462 -1.6 18 -23.5619 2 
2463 -1.6 17.9 -23.5619 2 
2464 -1.6 17.8 -23.5619 2 
2465 -1.6 17.7 -23.5619 2 
2466 -1.6 17.6 -23.5619 2 
2467 -1.6 17.5 -23.5619 2 
2468 -1.6 17.4 -23.5619 2 
2469 -1.6 17.3 -23.5619 2 
2470 -1.6 17.2 -23.5619 2 
2471 -1.6 17.1 -23.5619 2 
2472 -1.6 17 -23.5619 2 
2473 -1.6 16.9 -23.5619 2 
2474 -1.6 16.8 -23.5619 2 
2475 -1.6 16.7 -23.5619 2 
2476 -1.6 16.6 -23.5619 2 
2477 -1.6 16.5 -23.5619 2 
2478 -1.6 16.4 -23.5619 2 
2479 -1.6 16.3 -23.5619 2 
2480 -1.6 16.2 -23.5619 2 
2481 -1.6 16.1 -23.5619 2 
2482 -1.6 16 -23.5619 2 
2483 -1.6 15.9 -23.5619 2 
2484 -1.6 15.8 -23.5619 2 
2485 -1.6 15.7 -23.5619 2 
2486 -1.6 15.6 -23.5619 2 
2487 -1.6 15.5 -23.5619 2 
2488 -1.6 15.4 -23.5619 2 
2489 -1.6 15.3 -23.5619 2 
2490 -1.6 15.2 -23.5619 2 
2491 -1.6 15.1 -23.5619 2 
2492 -1.6 15 -23.5619 2 
2493 -1.6 14.9 -23.5619 2 
2494 -1.6 14.8 -23.5619 2 
2495 -1.6 14.7 -23.5619 2 
2496 -1.6 14.6 -23.5619 2 
2497 -1.6 14.5 -23.5619 2 
2498 -1.6 14.4 -23.5619 2 
2499 -1.6 14.3 -23.5619 2 
2500 -1.6 14.2 -23.5619 2 
2501 -1.6 14.1 -23.5619 2 
2502 -1.6 14 -23.5619 2 
2503 -1.6 13.9 -23.5619 2 
2504 -1.6 13.8 -23.5619 2 
2505 -1.6 13.7 -23.5619 2 
2506 -1.6 13.6 -23.5619 2 
2507 -1.6 13.5 -23.5619 2 
2508 -1.6 13.4 -23.5619 2 
2509 -1.6 13.3 -23.5619 2 
2510 -1.6 13.2 -23.5619 2 
2511 -1.6 13.1 -23.5619 2 
2512 -1.6 13 -23.5619 2 
2513 -1.6 12.9 -23.5619 2 
2514 -1.6 12.8 -23.5619 2 
2515 -1.6 12.7 -23.5619 2 
2516 -1.6 12.6 -23.5619 2 
2517 -1.6 12.5 -23.5619 2 
2518 -1.6 12.4 -23.5619 2 
2519 -1.6 12.3 -23.5619 2 
2520 -1.6 12.2 -23.5619 2 
2521 -1.6 12.1 -23.5619 2 
2522 -1.6 12 -23.5619 2 
2523 -1.6 11.9 -23.5619 2 
2524 -1.6 11.8 -23.5619 2 
2525 -1.6 11.7 -23.5619 2 
2526 -1.6 11.6 -23.5619 2 
2527 -1.6 11.5 -23.5619 2 
2528 -1.6 11.4 -23.5619 2 
2529 -1.6 11.3 -23.5619 2 
2530 -1.6 11.2 -23.5619 2 
2531 -1.6 11.1 -23.5619 2 
2532 -1.6 11 -23.5619 2 
2533 -1.6 10.9 -23.5619 2 
2534 -1.6 10.8 -23.5619 2 
2535 -1.6 10.7 -23.5619 2 
2536 -1.6 10.6 -23.5619 2 
2537 -1.6 10.5 -23.5619 2 
2538 -1.6 10.4 -23.5619 2 
2539 -1.6 10.3 -23.5619 2 
2540 -1.6 10.2 -23.5619 2 
2541 -1.6 10.1 -23.5619 2 
2542 -1.6 10 -23.5619 2 
2543 -1.6 9.9 -23.5619 2 
2544 -1.6 9.8 -23.5619 2 
2545 -1.6 9.8 -22.7765 5 
2546 -1.6 9.8 -21.9911 5 
2547 -1.6 9.7 -21.9911 2 
2548 -1.6 9.6 -21.9911 2 
2549 -1.5 9.6 -21.9911 4 
2550 -1.4 9.6 -21.9911 4 
2551 -1.3 9.6 -21.9911 4 
2552 -1.2 9.6 -21.9911 4 
2553 -1.1 9.6 -21.9911 4 
2554 -1 9.6 -21.9911 4 
2555 -0.9 9.6 -21.9911 4 
2556 -0.8 9.6 -21.9911 4 
2557 -0.7 9.6 -21.9911 4 
2558 -0.6 9.6 -21.9911 4 
2559 -0.5 9.6 -21.9911 4 
2560 -0.4 9.6 -21.9911 4 
2561 -0.3 9.6 -21.9911 4 
2562 -0.2 9.6 -21.9911 4 
2563 -0.1 9.6 -21.9911 4 
2564 -8.04912e-16 9.6 -21.9911 4 
2565 0.1 9.6 -21.9911 4 
2566 0.2 9.6 -21.9911 4 
2567 0.3 9.6 -21.9911 4 
2568 0.4 9.6 -21.9911 4 
2569 0.5 9.6 -21.9911 4 
2570 0.6 9.6 -21.9911 4 
2571 0.7 9.6 -21.9911 4 
2572 0.8 9.6 -21.9911 4 
2573 0.9 9.6 -21.9911 4 
2574 1 9.6 -21.9911 4 
2575 1.1 9.6 -21.9911 4 
2576 1.2 9.6 -21.9911 4 
2577 1.3 9.6 -21.9911 4 
2578 1.4 9.6 -21.9911 4 
2579 1.5 9.6 -21.9911 4 
2580 1.6 9.6 -21.9911 4 
2581 1.7 9.6 -21.9911 4 
2582 1.8 9.6 -21.9911 4 
2583 1.8 9.6 -21.2057 5 
2584 1.8 9.6 -20.4204 5 
2585 1.8 9.7 -20.4204 1 
2586 1.8 9.8 -20.4204 1 
2587 1.8 9.9 -20.4204 1 
2588 1.8 10 -20.4204 1 
2589 1.8 10.1 -20.4204 1 
2590 1.8 10.2 -20.4204 1 
2591 1.8 10.3 -20.4204 1 
2592 1.8 10.4 -20.4204 1 
2593 1.8 10.5 -20.4204 1 
2594 1.8 10.6 -20.4204 1 
2595 1.8 10.7 -20.4204 1 
2596 1.8 10.8 -20.4204 1 
2597 1.8 10.9 -20.4204 1 
2598 1.8 11 -20.4204 1 
2599 1.8 11.1 -20.4204 1 
2600 1.8 11.2 -20.4204 1 
2601 1.8 11.3 -20.4204 1 
2602 1.8 11.4 -20.4204 1 
2603 1.8 11.5 -20.4204 1 
2604 1.8 11.6 -20.4204 1 
2605 1.8 11.7 -20.4204 1 
2606 1.8 11.8 -20.4204 1 
2607 1.8 11.9 -20.4204 1 
2608 1.8 12 -20.4204 1 
2609 1.8 12.1 -20.4204 1 
2610 1.8 12.2 -20.4204 1 
2611 1.8 12.3 -20.4204 1 
2612 1.8 12.4 -20.4204 1 
2613 1.8 12.5 -20.4204 1 
2614 1.8 12.6 -20.4204 1 
2615 1.8 12.7 -20.4204 1 
2616 1.8 12.8 -20.4204 1 
2617 1.8 12.9 -20.4204 1 
2618 1.8 13 -20.4204 1 
2619 1.8 13.1 -20.4204 1 
2620 1.8 13.2 -20.4204 1 
2621 1.8 13.3 -20.4204 1 
2622 1.8 13.4 -20.4204 1 
2623 1.8 13.5 -20.4204 1 
2624 1.8 13.5 -19.635 5 
2625 1.8 13.5 -18.8496 5 
2626 1.7 13.5 -18.8496 3 
2627 1.6 13.5 -18.8496 3 
2628 1.5 13.5 -18.8496 3 
2629 1.4 13.5 -18.8496 3 
2630 1.3 13.5 -18.8496 3 
2631 1.2 13.5 -18.8496 3 
2632 1.1 13.5 -18.8496 3 
2633 1 13.5 -18.8496 3 
2634 0.9 13.5 -18.8496 3 
2635 0.8 13.5 -18.8496 3 
2636 0.7 13.5 -18.8496 3 
2637 0.6 13.5 -18.8496 3 
2638 0.5 13.5 -18.8496 3 
2639 0.4 13.5 -18.8496 3 
2640 0.3 13.5 -18.8496 3 
2641 0.2 13.5 -18.8496 3 
2642 0.1 13.5 -18.8496 3 
2643 -6.38378e-16 13.5 -18.8496 3 
2644 -0.1 13.5 -18.8496 3 
2645 -0.2 13.5 -18.8496 3 
2646 -0.3 13.5 -18.8496 3 
2647 -0.4 13.5 -18.8496 3 
2648 -0.5 13.5 -18.8496 3 
2649 -0.6 13.5 -18.8496 3 
2650 -0.7 13.5 -18.8496 3 
2651 -0.8 13.5 -18.8496 3 
2652 -0.9 13.5 -18.8496 3 
2653 -1 13.5 -18.8496 3 
2654 -1.1 13.5 -18.8496 3 
2655 -1.2 13.5 -18.8496 3 
2656 -1.3 13.5 -18.8496 3 
2657 -1.4 13.5 -18.8496 3 
2658 -1.4 13.5 -19.635 6 
2659 -1.4 13.5 -20.4204 6 
2660 -1.4 13.6 -20.4204 1 
2661 -1.4 13.7 -20.4204 1 
2662 -1.4 13.8 -20.4204 1 
2663 -1.4 13.9 -20.4204 1 
2664 -1.4 14 -20.4204 1 
2665 -1.4 14.1 -20.4204 1 
2666 -1.4 14.2 -20.4204 1 
2667 -1.4 14.3 -20.4204 1 
2668 -1.4 14.4 -20.4204 1 
2669 -1.4 14.5 -20.4204 1 
2670 -1.4 14.6 -20.4204 1 
2671 -1.4 14.7 -20.4204 1 
2672 -1.4 14.8 -20.4204 1 
2673 -1.4 14.9 -20.4204 1 
2674 -1.4 15 -20.4204 1 
2675 -1.4 15.1 -20.4204 1 
2676 -1.4 15.2 -20.4204 1 
2677 -1.4 15.3 -20.4204 1 
2678 -1.4 15.3 -19.635 5 
2679 -1.4 15.3 -18.8496 5 
2680 -1.5 15.3 -18.8496 3 
2681 -1.6 15.3 -18.8496 3 
2682 -1.7 15.3 -18.8496 3 
2683 -1.8 15.3 -18.8496 3 
2684 -1.9 15.3 -18.8496 3 
2685 -2 15.3 -18.8496 3 
2686 -2.1 15.3 -18.8496 3 
2687 -2.2 15.3 -18.8496 3 
2688 -2.3 15.3 -18.8496 3 
2689 -2.4 15.3 -18.8496 3 
2690 -2.5 15.3 -18.8496 3 
2691 -2.6 15.3 -18.8496 3 
2692 -2.7 15.3 -18.8496 3 
2693 -2.8 15.3 -18.8496 3 
2694 -2.9 15.3 -18.8496 3 
2695 -3 15.3 -18.8496 3 
2696 -3.1 15.3 -18.8496 3 
2697 -3.2 15.3 -18.8496 3 
2698 -3.3 15.3 -18.8496 3 
2699 -3.4 15.3 -18.8496 3 
2700 -3.4 15.3 -19.635 6 
2701 -3.4 15.3 -20.4204 6 
2702 -3.4 15.4 -20.4204 1 
2703 -3.4 15.5 -20.4204 1 
2704 -3.4 15.6 -20.4204 1 
2705 -3.4 15.7 -20.4204 1 
2706 -3.4 15.8 -20.4204 1 
2707 -3.4 15.9 -20.4204 1 
2708 -3.4 16 -20.4204 1 
2709 -3.4 16.1 -20.4204 1 
2710 -3.4 16.2 -20.4204 1 
2711 -3.4 16.3 -20.4204 1 
2712 -3.4 16.4 -20.4204 1 
2713 -3.4 16.5 -20.4204 1 
2714 -3.4 16.6 -20.4204 1 
2715 -3.4 16.7 -20.4204 1 
2716 -3.4 16.8 -20.4204 1 
2717 -3.4 16.9 -20.4204 1 
2718 -3.4 17 -20.4204 1 
2719 -3.4 17.1 -20.4204 1 
2720 -3.4 17.2 -20.4204 1 
2721 -3.4 17.3 -20.4204 1 
2722 -3.4 17.4 -20.4204 1 
2723 -3.4 17.5 -20.4204 1 
2724 -3.4 17.6 -20.4204 1 
2725 -3.4 17.7 -20.4204 1 
2726 -3.4 17.8 -20.4204 1 
2727 -3.4 17.9 -20.4204 1 
2728 -3.4 17.8 -20.4204 2 
2729 -3.4 17.7 -20.4204 2 
2730 -3.4 17.6 -20.4204 2 
2731 -3.4 17.5 -20.4204 2 
2732 -3.4 17.4 -20.4204 2 
2733 -3.4 17.3 -20.4204 2 
2734 -3.4 17.2 -20.4204 2 
2735 -3.4 17.1 -20.4204 2 
2736 -3.4 17 -20.4204 2 
2737 -3.4 16.9 -20.4204 2 
2738 -3.4 16.8 -20.4204 2 
2739 -3.4 16.7 -20.4204 2 
2740 -3.4 16.6 -20.4204 2 
2741 -3.4 16.5 -20.4204 2 
2742 -3.4 16.4 -20.4204 2 
2743 -3.4 16.3 -20.4204 2 
2744 -3.4 16.2 -20.4204 2 
2745 -3.4 16.1 -20.4204 2 
2746 -3.4 16 -20.4204 2 
2747 -3.4 15.9 -20.4204 2 
2748 -3.4 15.8 -20.4204 2 
2749 -3.4 15.7 -20.4204 2 
2750 -3.4 15.6 -20.4204 2 
2751 -3.4 15.5 -20.4204 2 
2752 -3.4 15.4 -20.4204 2 
2753 -3.4 15.3 -20.4204 2 
2754 -3.4 15.2 -20.4204 2 
2755 -3.4 15.1 -20.4204 2 
2756 -3.4 15 -20.4204 2 
2757 -3.4 14.9 -20.4204 2 
2758 -3.4 14.8 -20.4204 2 
2759 -3.4 14.8 -19.635 5 
2760 -3.4 14.8 -18.8496 5 
2761 -3.5 14.8 -18.8496 3 
2762 -3.6 14.8 -18.8496 3 
2763 -3.7 14.8 -18.8496 3 
2764 -3.8 14.8 -18.8496 3 
2765 -3.9 14.8 -18.8496 3 
2766 -4 14.8 -18.8496 3 
2767 -4.1 14.8 -18.8496 3 
2768 -4.2 14.8 -18.8496 3 
2769 -4.3 14.8 -18.8496 3 
2770 -4.4 14.8 -18.8496 3 
2771 -4.5 14.8 -18.8496 3 
2772 -4.6 14.8 -18.8496 3 
2773 -4.7 14.8 -18.8496 3 
2774 -4.8 14.8 -18.8496 3 
2775 -4.9 14.8 -18.8496 3 
2776 -5 14.8 -18.8496 3 
2777 -5.1 14.8 -18.8496 3 
2778 -5.2 14.8 -18.8496 3 
2779 -5.3 14.8 -18.8496 3 
2780 -5.4 14.8 -18.8496 3 
2781 -5.5 14.8 -18.8496 3 
2782 -5.6 14.8 -18.8496 3 
2783 -5.7 14.8 -18.8496 3 
2784 -5.8 14.8 -18.8496 3 
2785 -5.9 14.8 -18.8496 3 
2786 -6 14.8 -18.8496 3 
2787 -6.1 14.8 -18.8496 3 
2788 -6.2 14.8 -18.8496 3 
2789 -6.3 14.8 -18.8496 3 
2790 -6.4 14.8 -18.8496 3 
2791 -6.5 14.8 -18.8496 3 
2792 -6.6 14.8 -18.8496 3 
2793 -6.7 14.8 -18.8496 3 
2794 -6.8 14.8 -18.8496 3 
2795 -6.9 14.8 -18.8496 3 
2796 -7 14.8 -18.8496 3 
2797 -7.1 14.8 -18.8496 3 
2798 -7.2 14.8 -18.8496 3 
2799 -7.3 14.8 -18.8496 3 
2800 -7.4 14.8 -18.8496 3 
2801 -7.5 14.8 -18.8496 3 
2802 -7.6 14.8 -18.8496 3 
2803 -7.7 14.8 -18.8496 3 
2804 -7.8 14.8 -18.8496 3 
2805 -7.9 14.8 -18.8496 3 
2806 -7.9 14.8 -19.635 6 
2807 -7.9 14.8 -20.4204 6 
2808 -7.9 14.8 -21.2057 6 
2809 -7.9 14.8 -21.9911 6 
2810 -7.9 14.8 -22.7765 6 
2811 -7.9 14.8 -23.5619 6 
2812 -7.8 14.8 -23.5619 4 
2813 -7.7 14.8 -23.5619 4 
2814 -7.6 14.8 -23.5619 4 
2815 -7.5 14.8 -23.5619 4 
2816 -7.4 14.8 -23.5619 4 
2817 -7.3 14.8 -23.5619 4 
2818 -7.2 14.8 -23.5619 4 
2819 -7.2 14.7 -23.5619 2 
2820 -7.2 14.6 -23.5619 2 
2821 -7.2 14.5 -23.5619 2 
2822 -7.2 14.4 -23.5619 2 
2823 -7.2 14.3 -23.5619 2 
2824 -7.2 14.2 -23.5619 2 
2825 -7.2 14.1 -23.5619 2 
2826 -7.2 14 -23.5619 2 
2827 -7.2 13.9 -23.5619 2 
2828 -7.2 13.8 -23.5619 2 
2829 -7.2 13.7 -23.5619 2 
2830 -7.2 13.6 -23.5619 2 
2831 -7.3 13.6 -23.5619 3 
2832 -7.4 13.6 -23.5619 3 
2833 -7.4 13.5 -23.5619 2 
2834 -7.4 13.4 -23.5619 2 
2835 -7.4 13.3 -23.5619 2 
2836 -7.4 13.2 -23.5619 2 
2837 -7.4 13.1 -23.5619 2 
2838 -7.4 13 -23.5619 2 
2839 -7.4 12.9 -23.5619 2 
2840 -7.4 12.8 -23.5619 2 
2841 -7.4 12.7 -23.5619 2 
2842 -7.4 12.6 -23.5619 2 
2843 -7.4 12.5 -23.5619 2 
2844 -7.4 12.4 -23.5619 2 
2845 -7.4 12.3 -23.5619 2 
2846 -7.4 12.2 -23.5619 2 
2847 -7.4 12.1 -23.5619 2 
2848 -7.4 12 -23.5619 2 
2849 -7.4 11.9 -23.5619 2 
2850 -7.4 11.8 -23.5619 2 
2851 -7.4 11.7 -23.5619 2 
2852 -7.4 11.6 -23.5619 2 
2853 -7.4 11.5 -23.5619 2 
2854 -7.4 11.4 -23.5619 2 
2855 -7.4 11.3 -23.5619 2 
2856 -7.4 11.2 -23.5619 2 
2857 -7.4 11.1 -23.5619 2 
2858 -7.4 11 -23.5619 2 
2859 -7.4 10.9 -23.5619 2 
2860 -7.4 10.8 -23.5619 2 
2861 -7.4 10.7 -23.5619 2 
2862 -7.4 10.6 -23.5619 2 
2863 -7.4 10.5 -23.5619 2 
2864 -7.4 10.4 -23.5619 2 
2865 -7.4 10.3 -23.5619 2 
2866 -7.4 10.2 -23.5619 2 
2867 -7.4 10.1 -23.5619 2 
2868 -7.4 10 -23.5619 2 
2869 -7.4 9.9 -23.5619 2 
2870 -7.4 9.8 -23.5619 2 
2871 -7.4 9.7 -23.5619 2 
2872 -7.4 9.6 -23.5619 2 
2873 -7.4 9.5 -23.5619 2 
2874 -7.4 9.5 -22.7765 5 
2875 -7.4 9.5 -21.9911 5 
2876 -7.3 9.5 -21.9911 4 
2877 -7.2 9.5 -21.9911 4 
2878 -7.1 9.5 -21.9911 4 
2879 -7 9.5 -21.9911 4 
2880 -6.9 9.5 -21.9911 4 
2881 -6.8 9.5 -21.9911 4 
2882 -6.7 9.5 -21.9911 4 
2883 -6.6 9.5 -21.9911 4 
2884 -6.5 9.5 -21.9911 4 
2885 -6.4 9.5 -21.9911 4 
2886 -6.3 9.5 -21.9911 4 
2887 -6.2 9.5 -21.9911 4 
2888 -6.1 9.5 -21.9911 4 
2889 -6 9.5 -21.9911 4 
2890 -5.9 9.5 -21.9911 4 
2891 -5.8 9.5 -21.9911 4 
2892 -5.7 9.5 -21.9911 4 
2893 -5.6 9.5 -21.9911 4 
2894 -5.5 9.5 -21.9911 4 
2895 -5.4 9.5 -21.9911 4 
2896 -5.3 9.5 -21.9911 4 
2897 -5.2 9.5 -21.9911 4 
2898 -5.1 9.5 -21.9911 4 
2899 -5 9.5 -21.9911 4 
2900 -4.9 9.5 -21.9911 4 
2901 -4.8 9.5 -21.9911 4 
2902 -4.8 9.5 -21.2057 5 
2903 -4.8 9.5 -20.4204 5 
2904 -4.8 9.5 -19.635 5 
2905 -4.8 9.5 -18.8496 5 
2906 -4.8 9.5 -19.635 6 
2907 -4.8 9.5 -20.4204 6 
2908 -4.8 9.6 -20.4204 1 
2909 -4.8 9.7 -20.4204 1 
2910 -4.8 9.8 -20.4204 1 
2911 -4.8 9.9 -20.4204 1 
2912 -4.8 10 -20.4204 1 
2913 -4.8 10.1 -20.4204 1 
2914 -4.8 10.2 -20.4204 1 
2915 -4.8 10.3 -20.4204 1 
2916 -4.8 10.4 -20.4204 1 
2917 -4.8 10.5 -20.4204 1 
2918 -4.8 10.6 -20.4204 1 
2919 -4.8 10.7 -20.4204 1 
2920 -4.8 10.8 -20.4204 1 
2921 -4.8 10.9 -20.4204 1 
2922 -4.8 11 -20.4204 1 
2923 -4.8 11.1 -20.4204 1 
2924 -4.8 11.2 -20.4204 1 
2925 -4.8 11.3 -20.4204 1 
2926 -4.8 11.4 -20.4204 1 
2927 -4.8 11.5 -20.4204 1 
2928 -4.8 11.6 -20.4204 1 
2929 -4.8 11.7 -20.4204 1 
2930 -4.8 11.8 -20.4204 1 
2931 -4.8 11.9 -20.4204 1 
2932 -4.8 12 -20.4204 1 
2933 -4.8 12.1 -20.4204 1 
2934 -4.8 12.2 -20.4204 1 
2935 -4.8 12.3 -20.4204 1 
2936 -4.8 12.4 -20.4204 1 
2937 -4.8 12.5 -20.4204 1 
2938 -4.8 12.6 -20.4204 1 
2939 -4.8 12.6 -21.2057 6 
2940 -4.8 12.6 -21.9911 6 
2941 -4.7 12.6 -21.9911 4 
2942 -4.6 12.6 -21.9911 4 
2943 -4.5 12.6 -21.9911 4 
2944 -4.4 12.6 -21.9911 4 
2945 -4.3 12.6 -21.9911 4 
2946 -4.2 12.6 -21.9911 4 
2947 -4.1 12.6 -21.9911 4 
2948 -4.1 12.6 -22.7765 6 
2949 -4.1 12.6 -23.5619 6 
2950 -4.1 12.5 -23.5619 2 
2951 -4.1 12.4 -23.5619 2 
2952 -4.1 12.3 -23.5619 2 
2953 -4.1 12.2 -23.5619 2 
2954 -4.1 12.1 -23.5619 2 
2955 -4.1 12 -23.5619 2 
2956 -4.1 11.9 -23.5619 2 
2957 -4.1 11.8 -23.5619 2 
2958 -4.1 11.7 -23.5619 2 
2959 -4.1 11.6 -23.5619 2 
2960 -4.1 11.5 -23.5619 2 
2961 -4.1 11.4 -23.5619 2 
2962 -4.1 11.3 -23.5619 2 
2963 -4.1 11.2 -23.5619 2 
2964 -4.1 11.1 -23.5619 2 
2965 -4.1 11 -23.5619 2 
2966 -4.1 10.9 -23.5619 2 
2967 -4.1 10.8 -23.5619 2 
2968 -4.1 10.7 -23.5619 2 
2969 -4.1 10.6 -23.5619 2 
2970 -4.1 10.5 -23.5619 2 
2971 -4.1 10.4 -23.5619 2 
2972 -4.1 10.3 -23.5619 2 
2973 -4.1 10.2 -23.5619 2 
2974 -4.1 10.1 -23.5619 2 
2975 -4.1 10 -23.5619 2 
2976 -4.1 9.9 -23.5619 2 
2977 -4.1 9.8 -23.5619 2 
2978 -4.1 9.7 -23.5619 2 
2979 -4.1 9.6 -23.5619 2 
2980 -4.1 9.6 -24.3473 6 
2981 -4.1 9.6 -25.1327 6 
2982 -4.2 9.6 -25.1327 3 
2983 -4.3 9.6 -25.1327 3 
2984 -4.4 9.6 -25.1327 3 
2985 -4.5 9.6 -25.1327 3 
2986 -4.6 9.6 -25.1327 3 
2987 -4.7 9.6 -25.1327 3 
2988 -4.8 9.6 -25.1327 3 
2989 -4.9 9.6 -25.1327 3 
2990 -5 9.6 -25.1327 3 
2991 -5.1 9.6 -25.1327 3 
2992 -5.2 9.6 -25.1327 3 
2993 -5.3 9.6 -25.1327 3 
2994 -5.4 9.6 -25.1327 3 
2995 -5.5 9.6 -25.1327 3 
2996 -5.6 9.6 -25.1327 3 
2997 -5.7 9.6 -25.1327 3 
2998 -5.8 9.6 -25.1327 3 
2999 -5.9 9.6 -25.1327 3 
3000 -6 9.6 -25.1327 3 
3001 -6.1 9.6 -25.1327 3 
3002 -6.2 9.6 -25.1327 3 
3003 -6.3 9.6 -25.1327 3 
3004 -6.4 9.6 -25.1327 3 
3005 -6.5 9.6 -25.1327 3 
3006 -6.6 9.6 -25.1327 3 
3007 -6.7 9.6 -25.1327 3 
3008 -6.8 9.6 -25.1327 3 
3009 -6.9 9.6 -25.1327 3 
3010 -7 9.6 -25.1327 3 
3011 -7.1 9.6 -25.1327 3 
3012 -7.2 9.6 -25.1327 3 
3013 -7.2 9.6 -24.3473 5 
3014 -7.2 9.6 -23.5619 5 
3015 -7.2 9.7 -23.5619 1 
3016 -7.2 9.8 -23.5619 1 
3017 -7.2 9.9 -23.5619 1 
3018 -7.2 10 -23.5619 1 
3019 -7.2 10.1 -23.5619 1 
3020 -7.2 10.2 -23.5619 1 
3021 -7.2 10.3 -23.5619 1 
3022 -7.2 10.4 -23.5619 1 
3023 -7.2 10.5 -23.5619 1 
3024 -7.2 10.6 -23.5619 1 
3025 -7.2 10.7 -23.5619 1 
3026 -7.2 10.8 -23.5619 1 
3027 -7.2 10.9 -23.5619 1 
