1 0.1 0 0 2 
2 0.2 0 0 2 
3 0.3 0 0 2 
4 0.4 0 0 2 
5 0.4 0 -0.1 6 
6 0.4 0 -0.2 6 
7 0.4 0 -0.3 6 
8 0.4 0 -0.4 6 
9 0.438942 0.0921061 -0.4 4 
10 0.346836 0.131048 -0.4 1 
11 0.25473 0.16999 -0.4 1 
12 0.162624 0.208932 -0.4 1 
13 0.162624 0.208932 -0.5 6 
14 0.0748653 0.256874 -0.5 1 
15 0.0748653 0.256874 -0.6 6 
16 0.0748653 0.256874 -0.7 6 
17 -0.00161894 0.321296 -0.7 1 
18 -0.00161894 0.321296 -0.8 6 
19 -0.00161894 0.321296 -0.9 6 
20 0.0767138 0.383457 -0.9 4 
21 0.155046 0.445618 -0.9 4 
22 0.233379 0.507779 -0.9 4 
23 0.311712 0.56994 -0.9 4 
24 0.390045 0.632101 -0.9 4 
25 0.468377 0.694262 -0.9 4 
26 0.406216 0.772595 -0.9 1 
27 0.406216 0.772595 -1 6 
28 0.406216 0.772595 -1.1 6 
29 0.360857 0.861715 -1.1 1 
30 0.315497 0.950836 -1.1 1 
31 0.270137 1.03996 -1.1 1 
32 0.224778 1.12908 -1.1 1 
33 0.179418 1.2182 -1.1 1 
34 0.179418 1.2182 -1.2 6 
35 0.179418 1.2182 -1.3 6 
36 0.152668 1.31455 -1.3 1 
37 0.125918 1.41091 -1.3 1 
38 0.0991685 1.50727 -1.3 1 
39 0.0724186 1.60362 -1.3 1 
40 0.0724186 1.60362 -1.4 6 
41 0.0554219 1.70217 -1.4 1 
42 0.0384252 1.80071 -1.4 1 
43 0.0214285 1.89926 -1.4 1 
44 0.00443177 1.9978 -1.4 1 
45 -0.0125649 2.09635 -1.4 1 
46 -0.0295617 2.19489 -1.4 1 
47 -0.0465584 2.29344 -1.4 1 
48 -0.0635551 2.39198 -1.4 1 
49 -0.0635551 2.39198 -1.5 6 
50 -0.0635551 2.39198 -1.6 6 
51 -0.0635551 2.39198 -1.7 6 
52 -0.0506706 2.49115 -1.7 1 
53 -0.0377862 2.59031 -1.7 1 
54 -0.0249017 2.68948 -1.7 1 
55 -0.0120173 2.78865 -1.7 1 
56 0.00086716 2.88781 -1.7 1 
57 0.0137516 2.98698 -1.7 1 
58 0.0266361 3.08615 -1.7 1 
59 0.0266361 3.08615 -1.8 6 
60 0.0493563 3.18353 -1.8 1 
61 0.0720765 3.28092 -1.8 1 
62 0.0947967 3.3783 -1.8 1 
63 0.117517 3.47569 -1.8 1 
64 0.140237 3.57307 -1.8 1 
65 0.162957 3.67046 -1.8 1 
66 0.162957 3.67046 -1.7 5 
67 0.175842 3.76962 -1.7 1 
68 0.188726 3.86879 -1.7 1 
69 0.201611 3.96795 -1.7 1 
70 0.201611 3.96795 -1.6 5 
71 0.204531 4.06791 -1.6 1 
72 0.207451 4.16787 -1.6 1 
73 0.207451 4.16787 -1.5 5 
74 0.200377 4.26762 -1.5 1 
75 0.200377 4.26762 -1.4 5 
76 0.18338 4.36616 -1.4 1 
77 0.166383 4.46471 -1.4 1 
78 0.166383 4.46471 -1.3 5 
79 0.139634 4.56106 -1.3 1 
80 0.139634 4.56106 -1.2 5 
81 0.103398 4.65427 -1.2 1 
82 0.103398 4.65427 -1.1 5 
83 0.0580382 4.74339 -1.1 1 
84 0.0126785 4.83251 -1.1 1 
85 -0.0326811 4.92163 -1.1 1 
86 -0.0780407 5.01075 -1.1 1 
87 -0.1234 5.09987 -1.1 1 
88 -0.16876 5.18899 -1.1 1 
89 -0.21412 5.27811 -1.1 1 
90 -0.259479 5.36723 -1.1 1 
91 -0.259479 5.36723 -1.2 6 
92 -0.295715 5.46044 -1.2 1 
93 -0.295715 5.46044 -1.3 6 
94 -0.322465 5.55679 -1.3 1 
95 -0.322465 5.55679 -1.4 6 
96 -0.339462 5.65534 -1.4 1 
97 -0.339462 5.65534 -1.5 6 
98 -0.346535 5.75509 -1.5 1 
99 -0.346535 5.75509 -1.6 6 
100 -0.346535 5.75509 -1.7 6 
101 -0.333651 5.85426 -1.7 1 
102 -0.333651 5.85426 -1.8 6 
103 -0.310931 5.95164 -1.8 1 
104 -0.310931 5.95164 -1.9 6 
105 -0.278602 6.04627 -1.9 1 
106 -0.278602 6.04627 -2 6 
107 -0.236987 6.1372 -2 1 
108 -0.195372 6.22813 -2 1 
109 -0.195372 6.22813 -2.1 6 
110 -0.144888 6.31445 -2.1 1 
111 -0.144888 6.31445 -2.2 6 
112 -0.0860375 6.3953 -2.2 1 
113 -0.0271874 6.47615 -2.2 1 
114 0.0316627 6.557 -2.2 1 
115 0.0905128 6.63785 -2.2 1 
116 0.149363 6.7187 -2.2 1 
117 0.208213 6.79955 -2.2 1 
118 0.208213 6.79955 -2.3 6 
119 0.274841 6.87412 -2.3 1 
120 0.341468 6.94869 -2.3 1 
121 0.408096 7.02326 -2.3 1 
122 0.474723 7.09783 -2.3 1 
123 0.474723 7.09783 -2.4 6 
124 0.548463 7.16538 -2.4 1 
125 0.622202 7.23292 -2.4 1 
126 0.695942 7.30047 -2.4 1 
127 0.769681 7.36802 -2.4 1 
128 0.84342 7.43556 -2.4 1 
129 0.84342 7.43556 -2.5 6 
130 0.923535 7.49541 -2.5 1 
131 1.00365 7.55526 -2.5 1 
132 1.08376 7.6151 -2.5 1 
133 1.16388 7.67495 -2.5 1 
134 1.16388 7.67495 -2.6 6 
135 1.24957 7.7265 -2.6 1 
136 1.33526 7.77805 -2.6 1 
137 1.33526 7.77805 -2.7 6 
138 1.42566 7.82079 -2.7 1 
139 1.42566 7.82079 -2.8 6 
140 1.51988 7.85429 -2.8 1 
141 1.51988 7.85429 -2.9 6 
142 1.61698 7.87821 -2.9 1 
143 1.61698 7.87821 -3 6 
144 1.71598 7.89232 -3 1 
145 1.71598 7.89232 -3.1 6 
146 1.81589 7.89648 -3.1 1 
147 1.91581 7.90064 -3.1 1 
148 1.91581 7.90064 -3.2 6 
149 1.91581 7.90064 -3.3 6 
150 2.01455 7.88487 -3.3 1 
151 2.1133 7.86909 -3.3 1 
152 2.21205 7.85332 -3.3 1 
153 2.21205 7.85332 -3.4 6 
154 2.21205 7.85332 -3.5 6 
155 2.3057 7.81824 -3.5 1 
156 2.39934 7.78316 -3.5 1 
157 2.49299 7.74808 -3.5 1 
158 2.58663 7.713 -3.5 1 
159 2.68028 7.67793 -3.5 1 
160 2.68028 7.67793 -3.4 5 
161 2.68028 7.67793 -3.3 5 
162 2.77903 7.66215 -3.3 1 
163 2.87778 7.64638 -3.3 1 
164 2.97652 7.6306 -3.3 1 
165 3.07527 7.61483 -3.3 1 
166 3.07527 7.61483 -3.2 5 
167 3.07527 7.61483 -3.1 5 
168 3.07527 7.61483 -3 5 
169 3.17427 7.62894 -3 1 
170 3.27327 7.64305 -3 1 
171 3.37227 7.65716 -3 1 
172 3.37227 7.65716 -2.9 5 
173 3.37227 7.65716 -2.8 5 
174 3.46649 7.69066 -2.8 1 
175 3.56071 7.72416 -2.8 1 
176 3.65494 7.75766 -2.8 1 
177 3.74916 7.79116 -2.8 1 
178 3.74916 7.79116 -2.7 5 
179 3.74916 7.79116 -2.6 5 
180 3.83485 7.84271 -2.6 1 
181 3.92054 7.89426 -2.6 1 
182 4.00622 7.94581 -2.6 1 
183 4.09191 7.99736 -2.6 1 
184 4.1776 8.04891 -2.6 1 
185 4.26329 8.10046 -2.6 1 
186 4.26329 8.10046 -2.7 6 
187 4.3537 8.1432 -2.7 1 
188 4.44411 8.18594 -2.7 1 
189 4.44411 8.18594 -2.8 6 
190 4.53833 8.21943 -2.8 1 
191 4.53833 8.21943 -2.9 6 
192 4.63542 8.24336 -2.9 1 
193 4.73252 8.26728 -2.9 1 
194 4.73252 8.26728 -3 6 
195 4.83152 8.2814 -3 1 
196 4.83152 8.2814 -3.1 6 
197 4.93143 8.28555 -3.1 1 
198 4.93143 8.28555 -3.2 6 
199 5.03126 8.27972 -3.2 1 
200 5.13109 8.27388 -3.2 1 
201 5.23092 8.26804 -3.2 1 
202 5.33075 8.2622 -3.2 1 
203 5.43058 8.25637 -3.2 1 
204 5.43058 8.25637 -3.3 6 
205 5.43058 8.25637 -3.4 6 
206 5.52726 8.23081 -3.4 1 
207 5.62394 8.20526 -3.4 1 
208 5.72062 8.1797 -3.4 1 
209 5.8173 8.15415 -3.4 1 
210 5.91398 8.1286 -3.4 1 
211 6.01066 8.10304 -3.4 1 
212 6.10734 8.07749 -3.4 1 
213 6.20402 8.05193 -3.4 1 
214 6.20402 8.05193 -3.5 6 
215 6.20402 8.05193 -3.6 6 
216 6.29369 8.00768 -3.6 1 
217 6.38337 7.96343 -3.6 1 
218 6.38337 7.96343 -3.7 6 
219 6.38337 7.96343 -3.8 6 
220 6.46247 7.90224 -3.8 1 
221 6.54156 7.84106 -3.8 1 
222 6.62066 7.77987 -3.8 1 
223 6.69976 7.71869 -3.8 1 
224 6.77885 7.6575 -3.8 1 
225 6.85795 7.59632 -3.8 1 
226 6.85795 7.59632 -3.9 6 
227 6.93054 7.52754 -3.9 1 
228 7.00314 7.45876 -3.9 1 
229 7.07573 7.38999 -3.9 1 
230 7.07573 7.38999 -4 6 
231 7.07573 7.38999 -4.1 6 
232 7.13321 7.30816 -4.1 1 
233 7.19069 7.22633 -4.1 1 
234 7.24818 7.1445 -4.1 1 
235 7.24818 7.1445 -4.2 6 
236 7.2972 7.05734 -4.2 1 
237 7.34623 6.97019 -4.2 1 
238 7.39526 6.88303 -4.2 1 
239 7.44428 6.79587 -4.2 1 
240 7.49331 6.70871 -4.2 1 
241 7.54233 6.62156 -4.2 1 
242 7.59136 6.5344 -4.2 1 
243 7.59136 6.5344 -4.3 6 
244 7.59136 6.5344 -4.4 6 
245 7.59136 6.5344 -4.5 6 
246 7.61244 6.43665 -4.5 1 
247 7.63352 6.33889 -4.5 1 
248 7.6546 6.24114 -4.5 1 
249 7.67568 6.14339 -4.5 1 
250 7.69676 6.04563 -4.5 1 
251 7.71784 5.94788 -4.5 1 
252 7.71784 5.94788 -4.6 6 
253 7.72905 5.84851 -4.6 1 
254 7.74027 5.74914 -4.6 1 
255 7.75148 5.64977 -4.6 1 
256 7.7627 5.55041 -4.6 1 
257 7.7627 5.55041 -4.7 6 
258 7.76394 5.45041 -4.7 1 
259 7.76518 5.35042 -4.7 1 
260 7.76642 5.25043 -4.7 1 
261 7.76765 5.15044 -4.7 1 
262 7.76889 5.05044 -4.7 1 
263 7.77013 4.95045 -4.7 1 
264 7.77137 4.85046 -4.7 1 
265 7.77137 4.85046 -4.8 6 
266 7.76262 4.75084 -4.8 1 
267 7.75387 4.65123 -4.8 1 
268 7.74512 4.55161 -4.8 1 
269 7.73637 4.45199 -4.8 1 
270 7.72762 4.35238 -4.8 1 
271 7.71887 4.25276 -4.8 1 
272 7.71012 4.15314 -4.8 1 
273 7.70137 4.05353 -4.8 1 
274 7.70137 4.05353 -4.9 6 
275 7.68272 3.95528 -4.9 1 
276 7.66407 3.85704 -4.9 1 
277 7.66407 3.85704 -5 6 
278 7.6357 3.76114 -5 1 
279 7.60734 3.66525 -5 1 
280 7.60734 3.66525 -4.9 5 
281 7.70558 3.6466 -4.9 3 
282 7.80383 3.62795 -4.9 3 
283 7.90207 3.6093 -4.9 3 
284 8.00032 3.59065 -4.9 3 
285 8.00032 3.59065 -5 6 
286 7.97195 3.49475 -5 1 
287 7.94358 3.39886 -5 1 
288 7.91522 3.30297 -5 1 
289 7.88685 3.20708 -5 1 
290 7.88685 3.20708 -5.1 6 
291 7.84905 3.1145 -5.1 1 
292 7.81126 3.02191 -5.1 1 
293 7.81126 3.02191 -5.2 6 
294 7.76441 2.93357 -5.2 1 
295 7.76441 2.93357 -5.3 6 
296 7.70897 2.85034 -5.3 1 
297 7.70897 2.85034 -5.4 6 
298 7.6455 2.77307 -5.4 1 
299 7.58203 2.69579 -5.4 1 
300 7.51856 2.61851 -5.4 1 
301 7.45509 2.54124 -5.4 1 
302 7.39162 2.46396 -5.4 1 
303 7.32815 2.38668 -5.4 1 
304 7.32815 2.38668 -5.5 6 
305 7.25729 2.31613 -5.5 1 
306 7.18642 2.24557 -5.5 1 
307 7.11555 2.17502 -5.5 1 
308 7.04468 2.10447 -5.5 1 
309 6.97382 2.03391 -5.5 1 
310 6.97382 2.03391 -5.6 6 
311 6.89626 1.97079 -5.6 1 
312 6.89626 1.97079 -5.7 6 
313 6.81279 1.91572 -5.7 1 
314 6.81279 1.91572 -5.8 6 
315 6.72424 1.86926 -5.8 1 
316 6.72424 1.86926 -5.9 6 
317 6.63149 1.83187 -5.9 1 
318 6.53874 1.79448 -5.9 1 
319 6.53874 1.79448 -6 6 
320 6.44272 1.76654 -6 1 
321 6.34671 1.7386 -6 1 
322 6.25069 1.71066 -6 1 
323 6.25069 1.71066 -6.1 6 
324 6.15236 1.69244 -6.1 1 
325 6.05404 1.67422 -6.1 1 
326 5.95571 1.65601 -6.1 1 
327 5.85738 1.63779 -6.1 1 
328 5.75906 1.61958 -6.1 1 
329 5.66073 1.60136 -6.1 1 
330 5.5624 1.58314 -6.1 1 
331 5.5624 1.58314 -6 5 
332 5.5624 1.58314 -5.9 5 
333 5.46966 1.54576 -5.9 1 
334 5.37691 1.50837 -5.9 1 
335 5.28416 1.47098 -5.9 1 
336 5.19141 1.43359 -5.9 1 
337 5.19141 1.43359 -6 6 
338 5.09539 1.40565 -6 1 
339 4.99938 1.37771 -6 1 
340 4.99938 1.37771 -6.1 6 
341 4.99938 1.37771 -6.2 6 
342 4.99938 1.37771 -6.3 6 
343 4.89939 1.37939 -6.3 1 
344 4.79941 1.38107 -6.3 1 
345 4.69942 1.38275 -6.3 1 
346 4.59943 1.38444 -6.3 1 
347 4.49945 1.38612 -6.3 1 
348 4.49945 1.38612 -6.4 6 
349 4.49945 1.38612 -6.5 6 
350 4.40179 1.40763 -6.5 1 
351 4.30413 1.42914 -6.5 1 
352 4.30413 1.42914 -6.6 6 
353 4.20911 1.46029 -6.6 1 
354 4.11408 1.49145 -6.6 1 
355 4.01906 1.5226 -6.6 1 
356 3.92404 1.55376 -6.6 1 
357 3.82901 1.58491 -6.6 1 
358 3.82901 1.58491 -6.5 5 
359 3.82901 1.58491 -6.4 5 
360 3.7297 1.59657 -6.4 1 
361 3.63038 1.60822 -6.4 1 
362 3.53106 1.61988 -6.4 1 
363 3.43174 1.63153 -6.4 1 
364 3.33242 1.64319 -6.4 1 
365 3.33242 1.64319 -6.3 5 
366 3.23244 1.64487 -6.3 1 
367 3.13245 1.64655 -6.3 1 
368 3.03246 1.64823 -6.3 1 
369 3.03246 1.64823 -6.2 5 
370 2.93281 1.63992 -6.2 1 
371 2.83316 1.63161 -6.2 1 
372 2.7335 1.6233 -6.2 1 
373 2.63385 1.61499 -6.2 1 
374 2.63385 1.61499 -6.1 5 
375 2.63385 1.61499 -6 5 
376 2.53783 1.58705 -6 1 
377 2.44181 1.55911 -6 1 
378 2.3458 1.53117 -6 1 
379 2.24978 1.50323 -6 1 
380 2.15376 1.47529 -6 1 
381 2.05775 1.44735 -6 1 
382 2.05775 1.44735 -6.1 6 
383 2.05775 1.44735 -6.2 6 
384 2.05775 1.44735 -6.3 6 
385 1.95776 1.44903 -6.3 1 
386 1.85777 1.45071 -6.3 1 
387 1.75779 1.45239 -6.3 1 
388 1.6578 1.45407 -6.3 1 
389 1.6578 1.45407 -6.4 6 
390 1.55848 1.46573 -6.4 1 
391 1.45916 1.47738 -6.4 1 
392 1.45916 1.47738 -6.5 6 
393 1.45916 1.47738 -6.6 6 
394 1.45916 1.47738 -6.7 6 
395 1.36773 1.51787 -6.7 1 
396 1.27629 1.55835 -6.7 1 
397 1.18485 1.59884 -6.7 1 
398 1.18485 1.59884 -6.8 6 
399 1.18485 1.59884 -6.9 6 
400 1.18485 1.59884 -7 6 
401 1.10946 1.66453 -7 1 
402 1.03407 1.73023 -7 1 
403 1.03407 1.73023 -7.1 6 
404 0.965615 1.80313 -7.1 1 
405 0.965615 1.80313 -7.2 6 
406 0.90478 1.8825 -7.2 1 
407 0.90478 1.8825 -7.3 6 
408 0.852172 1.96754 -7.3 1 
409 0.852172 1.96754 -7.4 6 
410 0.808317 2.05741 -7.4 1 
411 0.808317 2.05741 -7.5 6 
412 0.773654 2.15121 -7.5 1 
413 0.773654 2.15121 -7.6 6 
414 0.748528 2.248 -7.6 1 
415 0.748528 2.248 -7.7 6 
416 0.73319 2.34682 -7.7 1 
417 0.717853 2.44564 -7.7 1 
418 0.702515 2.54445 -7.7 1 
419 0.687178 2.64327 -7.7 1 
420 0.687178 2.64327 -7.8 6 
421 0.681782 2.74312 -7.8 1 
422 0.676387 2.84298 -7.8 1 
423 0.670991 2.94283 -7.8 1 
424 0.665596 3.04269 -7.8 1 
425 0.665596 3.04269 -7.7 5 
426 0.650258 3.1415 -7.7 1 
427 0.634921 3.24032 -7.7 1 
428 0.619584 3.33914 -7.7 1 
429 0.604246 3.43795 -7.7 1 
430 0.588909 3.53677 -7.7 1 
431 0.588909 3.53677 -7.6 5 
432 0.563783 3.63356 -7.6 1 
433 0.538657 3.73036 -7.6 1 
434 0.513531 3.82715 -7.6 1 
435 0.513531 3.82715 -7.5 5 
436 0.478867 3.92095 -7.5 1 
437 0.444204 4.01475 -7.5 1 
438 0.40954 4.10855 -7.5 1 
439 0.374877 4.20235 -7.5 1 
440 0.340213 4.29615 -7.5 1 
441 0.340213 4.29615 -7.4 5 
442 0.340213 4.29615 -7.3 5 
443 0.287606 4.38119 -7.3 1 
444 0.234998 4.46624 -7.3 1 
445 0.18239 4.55128 -7.3 1 
446 0.129782 4.63632 -7.3 1 
447 0.0771745 4.72137 -7.3 1 
448 0.0771745 4.72137 -7.4 6 
449 0.0333198 4.81124 -7.4 1 
450 -0.0105349 4.90111 -7.4 1 
451 -0.0105349 4.90111 -7.5 6 
452 -0.0105349 4.90111 -7.6 6 
453 -0.0356609 4.9979 -7.6 1 
454 -0.0607869 5.09469 -7.6 1 
455 -0.0859129 5.19148 -7.6 1 
456 -0.111039 5.28828 -7.6 1 
457 -0.111039 5.28828 -7.7 6 
458 -0.111039 5.28828 -7.8 6 
459 -0.111039 5.28828 -7.9 6 
460 -0.106439 5.38817 -7.9 1 
461 -0.101838 5.48806 -7.9 1 
462 -0.0972382 5.58796 -7.9 1 
463 -0.0972382 5.58796 -7.8 5 
464 -0.0972382 5.58796 -7.7 5 
465 -0.0972382 5.58796 -7.6 5 
466 -0.122364 5.68475 -7.6 1 
467 -0.14749 5.78154 -7.6 1 
468 -0.172616 5.87833 -7.6 1 
469 -0.172616 5.87833 -7.7 6 
470 -0.172616 5.87833 -7.8 6 
471 -0.172616 5.87833 -7.9 6 
472 -0.168016 5.97823 -7.9 1 
473 -0.163416 6.07812 -7.9 1 
474 -0.163416 6.07812 -8 6 
475 -0.148866 6.17706 -8 1 
476 -0.134316 6.27599 -8 1 
477 -0.134316 6.27599 -8.1 6 
478 -0.109961 6.37298 -8.1 1 
479 -0.109961 6.37298 -8.2 6 
480 -0.0760459 6.46706 -8.2 1 
481 -0.0760459 6.46706 -8.3 6 
482 -0.0329082 6.55727 -8.3 1 
483 0.0102295 6.64749 -8.3 1 
484 0.0533672 6.73771 -8.3 1 
485 0.0533672 6.73771 -8.4 6 
486 0.105296 6.82317 -8.4 1 
487 0.105296 6.82317 -8.5 6 
488 0.165497 6.90302 -8.5 1 
489 0.165497 6.90302 -8.6 6 
490 0.233369 6.97646 -8.6 1 
491 0.233369 6.97646 -8.7 6 
492 0.308234 7.04275 -8.7 1 
493 0.308234 7.04275 -8.8 6 
494 0.389343 7.10124 -8.8 1 
495 0.389343 7.10124 -8.9 6 
496 0.475887 7.15135 -8.9 1 
497 0.475887 7.15135 -9 6 
498 0.567 7.19256 -9 1 
499 0.567 7.19256 -9.1 6 
500 0.661772 7.22447 -9.1 1 
501 0.661772 7.22447 -9.2 6 
502 0.759256 7.24676 -9.2 1 
503 0.759256 7.24676 -9.3 6 
504 0.858479 7.2592 -9.3 1 
