1 0 0 -0.1 6 
2 -0.00998334 -0.0995004 -0.1 3 
3 -0.0199667 -0.199001 -0.1 3 
4 -0.02995 -0.298501 -0.1 3 
5 -0.0399334 -0.398002 -0.1 3 
6 -0.0499167 -0.497502 -0.1 3 
7 -0.0499167 -0.497502 -0.2 6 
8 -0.147923 -0.477635 -0.2 1 
9 -0.24593 -0.457768 -0.2 1 
10 -0.343937 -0.437901 -0.2 1 
11 -0.343937 -0.437901 -0.1 5 
12 -0.343937 -0.437901 0 5 
13 -0.343937 -0.437901 0.1 5 
14 -0.443437 -0.447885 0.1 1 
15 -0.542938 -0.457868 0.1 1 
16 -0.642438 -0.467851 0.1 1 
17 -0.642438 -0.467851 0.2 5 
18 -0.740445 -0.487718 0.2 1 
19 -0.838451 -0.507585 0.2 1 
20 -0.936458 -0.527452 0.2 1 
21 -1.03446 -0.547319 0.2 1 
22 -1.13247 -0.567186 0.2 1 
23 -1.23048 -0.587053 0.2 1 
24 -1.23048 -0.587053 0.1 6 
25 -1.32998 -0.597036 0.1 1 
26 -1.42948 -0.60702 0.1 1 
27 -1.42948 -0.60702 0 6 
28 -1.42948 -0.60702 -0.1 6 
29 -1.52898 -0.597036 -0.1 1 
30 -1.62848 -0.587053 -0.1 1 
31 -1.72798 -0.57707 -0.1 1 
32 -1.82748 -0.567086 -0.1 1 
33 -1.92698 -0.557103 -0.1 1 
34 -1.92698 -0.557103 0 5 
35 -1.92698 -0.557103 0.1 5 
36 -2.02648 -0.567086 0.1 1 
37 -2.12598 -0.57707 0.1 1 
38 -2.22548 -0.587053 0.1 1 
39 -2.32498 -0.597036 0.1 1 
40 -2.32498 -0.597036 0.2 5 
41 -2.32498 -0.597036 0.1 6 
42 -2.42448 -0.60702 0.1 1 
43 -2.52398 -0.617003 0.1 1 
44 -2.52398 -0.617003 0 6 
45 -2.62398 -0.617003 0 1 
46 -2.62398 -0.617003 -0.1 6 
47 -2.72348 -0.60702 -0.1 1 
48 -2.82298 -0.597036 -0.1 1 
49 -2.92248 -0.587053 -0.1 1 
50 -2.92248 -0.587053 -0.2 6 
51 -2.92248 -0.587053 -0.3 6 
52 -3.01802 -0.557501 -0.3 1 
53 -3.11355 -0.527949 -0.3 1 
54 -3.20909 -0.498397 -0.3 1 
55 -3.30462 -0.468845 -0.3 1 
56 -3.40015 -0.439293 -0.3 1 
57 -3.49569 -0.409741 -0.3 1 
58 -3.59122 -0.380189 -0.3 1 
59 -3.59122 -0.380189 -0.4 6 
60 -3.59122 -0.380189 -0.5 6 
61 -3.59122 -0.380189 -0.6 6 
62 -3.67375 -0.323725 -0.6 1 
63 -3.75629 -0.26726 -0.6 1 
64 -3.83882 -0.210796 -0.6 1 
65 -3.92135 -0.154332 -0.6 1 
66 -3.92135 -0.154332 -0.7 6 
67 -3.99784 -0.08991 -0.7 1 
68 -4.07432 -0.0254882 -0.7 1 
69 -4.15081 0.0389335 -0.7 1 
70 -4.22729 0.103355 -0.7 1 
71 -4.22729 0.103355 -0.6 5 
72 -4.22729 0.103355 -0.5 5 
73 -4.31505 0.151298 -0.5 1 
74 -4.40281 0.19924 -0.5 1 
75 -4.49057 0.247183 -0.5 1 
76 -4.57832 0.295126 -0.5 1 
77 -4.66608 0.343068 -0.5 1 
78 -4.66608 0.343068 -0.4 5 
79 -4.66608 0.343068 -0.3 5 
80 -4.76162 0.37262 -0.3 1 
81 -4.85715 0.402172 -0.3 1 
82 -4.95268 0.431724 -0.3 1 
83 -5.04822 0.461276 -0.3 1 
84 -5.04822 0.461276 -0.2 5 
85 -5.04822 0.461276 -0.1 5 
86 -5.14772 0.47126 -0.1 1 
87 -5.24722 0.481243 -0.1 1 
88 -5.34672 0.491226 -0.1 1 
89 -5.44622 0.50121 -0.1 1 
90 -5.44622 0.50121 -0.2 6 
91 -5.54423 0.521077 -0.2 1 
92 -5.64223 0.540943 -0.2 1 
93 -5.74024 0.56081 -0.2 1 
94 -5.74024 0.56081 -0.3 6 
95 -5.74024 0.56081 -0.4 6 
96 -5.83235 0.599752 -0.4 1 
97 -5.92445 0.638694 -0.4 1 
98 -6.01656 0.677636 -0.4 1 
99 -6.10866 0.716578 -0.4 1 
100 -6.20077 0.75552 -0.4 1 
101 -6.20077 0.75552 -0.5 6 
102 -6.28853 0.803462 -0.5 1 
103 -6.37629 0.851405 -0.5 1 
104 -6.46404 0.899347 -0.5 1 
105 -6.46404 0.899347 -0.4 5 
106 -6.46404 0.899347 -0.3 5 
107 -6.55958 0.928899 -0.3 1 
108 -6.65511 0.958451 -0.3 1 
109 -6.75065 0.988003 -0.3 1 
110 -6.84618 1.01756 -0.3 1 
111 -6.94171 1.04711 -0.3 1 
112 -6.94171 1.04711 -0.2 5 
113 -7.03972 1.06697 -0.2 1 
114 -7.13773 1.08684 -0.2 1 
115 -7.13773 1.08684 -0.1 5 
116 -7.13773 1.08684 -2.77556e-17 5 
117 -7.23773 1.08684 -2.77556e-17 1 
118 -7.33773 1.08684 -2.77556e-17 1 
119 -7.33773 1.08684 0.1 5 
120 -7.33773 1.08684 0.2 5 
121 -7.43573 1.06697 0.2 1 
122 -7.53374 1.04711 0.2 1 
123 -7.53374 1.04711 0.1 6 
124 -7.63324 1.03712 0.1 1 
125 -7.73274 1.02714 0.1 1 
126 -7.83224 1.01716 0.1 1 
127 -7.83224 1.01716 -2.77556e-17 6 
128 -7.93224 1.01716 -2.77556e-17 1 
129 -8.03224 1.01716 -2.77556e-17 1 
130 -8.03224 1.01716 -0.1 6 
131 -8.13174 1.02714 -0.1 1 
132 -8.23124 1.03712 -0.1 1 
133 -8.33074 1.04711 -0.1 1 
134 -8.43024 1.05709 -0.1 1 
135 -8.43024 1.05709 -0.2 6 
136 -8.43024 1.05709 -0.3 6 
137 -8.43024 1.05709 -0.4 6 
138 -8.52235 1.09603 -0.4 1 
139 -8.61445 1.13497 -0.4 1 
140 -8.70656 1.17392 -0.4 1 
141 -8.70656 1.17392 -0.5 6 
142 -8.79432 1.22186 -0.5 1 
143 -8.88208 1.2698 -0.5 1 
144 -8.88208 1.2698 -0.6 6 
145 -8.96461 1.32627 -0.6 1 
146 -8.96461 1.32627 -0.7 6 
147 -9.04109 1.39069 -0.7 1 
148 -9.11758 1.45511 -0.7 1 
149 -9.11758 1.45511 -0.6 5 
150 -9.20011 1.51157 -0.6 1 
151 -9.20011 1.51157 -0.5 5 
152 -9.28787 1.55952 -0.5 1 
153 -9.28787 1.55952 -0.4 5 
154 -9.37998 1.59846 -0.4 1 
155 -9.37998 1.59846 -0.3 5 
156 -9.47551 1.62801 -0.3 1 
157 -9.47551 1.62801 -0.2 5 
158 -9.57352 1.64788 -0.2 1 
159 -9.57352 1.64788 -0.1 5 
160 -9.67302 1.65786 -0.1 1 
161 -9.67302 1.65786 -2.77556e-17 5 
162 -9.77302 1.65786 -2.77556e-17 1 
163 -9.77302 1.65786 -0.1 6 
164 -9.87252 1.66784 -0.1 1 
165 -9.87252 1.66784 -0.2 6 
166 -9.87252 1.66784 -0.3 6 
167 -9.96805 1.6974 -0.3 1 
168 -9.96805 1.6974 -0.4 6 
169 -9.96805 1.6974 -0.5 6 
170 -10.016 1.60964 -0.5 3 
171 -10.0639 1.52188 -0.5 3 
172 -10.0639 1.52188 -0.6 6 
173 -10.0639 1.52188 -0.7 6 
174 -10.1404 1.5863 -0.7 1 
175 -10.2169 1.65072 -0.7 1 
176 -10.2934 1.71514 -0.7 1 
177 -10.3699 1.77957 -0.7 1 
178 -10.3699 1.77957 -0.8 6 
179 -10.3699 1.77957 -0.9 6 
180 -10.432 1.8579 -0.9 1 
181 -10.4942 1.93623 -0.9 1 
182 -10.5564 2.01456 -0.9 1 
183 -10.6185 2.0929 -0.9 1 
184 -10.6807 2.17123 -0.9 1 
185 -10.6807 2.17123 -1 6 
186 -10.7347 2.25538 -1 1 
187 -10.7347 2.25538 -0.9 5 
188 -10.813 2.19322 -0.9 3 
189 -10.8914 2.13105 -0.9 3 
190 -10.9697 2.06889 -0.9 3 
191 -10.9697 2.06889 -1 6 
192 -11.0237 2.15304 -1 1 
193 -11.0778 2.23719 -1 1 
194 -11.1318 2.32133 -1 1 
195 -11.1858 2.40548 -1 1 
196 -11.1858 2.40548 -1.1 6 
197 -11.2312 2.4946 -1.1 1 
198 -11.2312 2.4946 -1 5 
199 -11.3153 2.44057 -1 3 
200 -11.3995 2.38654 -1 3 
201 -11.4836 2.33251 -1 3 
202 -11.5377 2.41666 -1 1 
203 -11.5377 2.41666 -1.1 6 
204 -11.5377 2.41666 -1.2 6 
205 -11.5739 2.50986 -1.2 1 
206 -11.5739 2.50986 -1.3 6 
207 -11.6006 2.60622 -1.3 1 
208 -11.6006 2.60622 -1.4 6 
209 -11.6176 2.70476 -1.4 1 
210 -11.6176 2.70476 -1.5 6 
211 -11.6247 2.80451 -1.5 1 
212 -11.6247 2.80451 -1.6 6 
213 -11.6218 2.90447 -1.6 1 
214 -11.6218 2.90447 -1.5 5 
215 -11.6289 3.00422 -1.5 1 
216 -11.6289 3.00422 -1.4 5 
217 -11.6459 3.10277 -1.4 1 
218 -11.6459 3.10277 -1.3 5 
219 -11.6726 3.19912 -1.3 1 
220 -11.6726 3.19912 -1.2 5 
221 -11.7089 3.29232 -1.2 1 
222 -11.7451 3.38553 -1.2 1 
223 -11.7813 3.47873 -1.2 1 
224 -11.7813 3.47873 -1.3 6 
225 -11.8081 3.57509 -1.3 1 
226 -11.8081 3.57509 -1.4 6 
227 -11.8251 3.67363 -1.4 1 
228 -11.8251 3.67363 -1.5 6 
229 -11.8321 3.77338 -1.5 1 
230 -11.8321 3.77338 -1.6 6 
231 -11.8292 3.87334 -1.6 1 
232 -11.8292 3.87334 -1.7 6 
233 -11.8163 3.97251 -1.7 1 
234 -11.8163 3.97251 -1.8 6 
235 -11.7936 4.06989 -1.8 1 
236 -11.7936 4.06989 -1.9 6 
237 -11.7613 4.16452 -1.9 1 
238 -11.7613 4.16452 -2 6 
239 -11.7197 4.25545 -2 1 
240 -11.6781 4.34638 -2 1 
241 -11.6364 4.43731 -2 1 
242 -11.5948 4.52824 -2 1 
243 -11.6858 4.56986 -2 3 
244 -11.6858 4.56986 -1.9 5 
245 -11.6858 4.56986 -1.8 5 
246 -11.7831 4.59258 -1.8 3 
247 -11.7831 4.59258 -1.7 5 
248 -11.7703 4.69174 -1.7 1 
249 -11.7574 4.79091 -1.7 1 
250 -11.7445 4.89007 -1.7 1 
251 -11.7445 4.89007 -1.6 5 
252 -11.7445 4.89007 -1.5 5 
253 -11.7516 4.98982 -1.5 1 
254 -11.7516 4.98982 -1.4 5 
255 -11.7686 5.08837 -1.4 1 
256 -11.7686 5.08837 -1.3 5 
257 -11.7953 5.18473 -1.3 1 
258 -11.7953 5.18473 -1.4 6 
259 -11.8123 5.28327 -1.4 1 
260 -11.8123 5.28327 -1.5 6 
261 -11.8194 5.38302 -1.5 1 
262 -11.8194 5.38302 -1.6 6 
263 -11.8165 5.48298 -1.6 1 
264 -11.8165 5.48298 -1.7 6 
265 -11.8036 5.58214 -1.7 1 
266 -11.8036 5.58214 -1.8 6 
267 -11.7809 5.67953 -1.8 1 
268 -11.7809 5.67953 -1.9 6 
269 -11.7485 5.77416 -1.9 1 
270 -11.7485 5.77416 -2 6 
271 -11.7069 5.86509 -2 1 
272 -11.7069 5.86509 -2.1 6 
273 -11.6564 5.95141 -2.1 1 
274 -11.6059 6.03773 -2.1 1 
275 -11.6059 6.03773 -2 5 
276 -11.5643 6.12866 -2 1 
277 -11.5643 6.12866 -1.9 5 
278 -11.532 6.22329 -1.9 1 
279 -11.4997 6.31792 -1.9 1 
280 -11.4997 6.31792 -1.8 5 
281 -11.477 6.4153 -1.8 1 
282 -11.4542 6.51269 -1.8 1 
283 -11.4542 6.51269 -1.7 5 
284 -11.4413 6.61186 -1.7 1 
285 -11.4413 6.61186 -1.6 5 
286 -11.4384 6.71181 -1.6 1 
287 -11.4384 6.71181 -1.5 5 
288 -11.4455 6.81156 -1.5 1 
289 -11.4526 6.91131 -1.5 1 
290 -11.4596 7.01106 -1.5 1 
291 -11.4596 7.01106 -1.6 6 
292 -11.4567 7.11102 -1.6 1 
293 -11.4567 7.11102 -1.7 6 
294 -11.4438 7.21019 -1.7 1 
295 -11.4438 7.21019 -1.8 6 
296 -11.4438 7.21019 -1.9 6 
297 -11.4115 7.30482 -1.9 1 
298 -11.4115 7.30482 -2 6 
299 -11.3699 7.39574 -2 1 
300 -11.3699 7.39574 -2.1 6 
301 -11.3194 7.48207 -2.1 1 
302 -11.3194 7.48207 -2.2 6 
303 -11.2606 7.56292 -2.2 1 
304 -11.2606 7.56292 -2.3 6 
305 -11.1939 7.63749 -2.3 1 
306 -11.1939 7.63749 -2.4 6 
307 -11.1202 7.70503 -2.4 1 
308 -11.1202 7.70503 -2.5 6 
309 -11.0401 7.76488 -2.5 1 
310 -11.0401 7.76488 -2.6 6 
311 -10.9544 7.81643 -2.6 1 
312 -10.9544 7.81643 -2.7 6 
313 -10.864 7.85917 -2.7 1 
314 -10.864 7.85917 -2.8 6 
315 -10.7698 7.89267 -2.8 1 
316 -10.7698 7.89267 -2.7 5 
317 -10.6794 7.9354 -2.7 1 
318 -10.589 7.97814 -2.7 1 
319 -10.4985 8.02088 -2.7 1 
320 -10.4985 8.02088 -2.8 6 
321 -10.532 8.1151 -2.8 3 
322 -10.5655 8.20932 -2.8 3 
323 -10.4713 8.24282 -2.8 1 
324 -10.4713 8.24282 -2.7 5 
325 -10.4713 8.24282 -2.6 5 
326 -10.3856 8.29437 -2.6 1 
327 -10.2999 8.34592 -2.6 1 
328 -10.2999 8.34592 -2.7 6 
329 -10.2095 8.38866 -2.7 1 
330 -10.1191 8.4314 -2.7 1 
331 -10.1191 8.4314 -2.8 6 
332 -10.0249 8.4649 -2.8 1 
333 -10.0249 8.4649 -2.9 6 
334 -9.92781 8.48882 -2.9 1 
335 -9.83071 8.51275 -2.9 1 
336 -9.83071 8.51275 -3 6 
337 -9.73171 8.52686 -3 1 
338 -9.73171 8.52686 -3.1 6 
339 -9.6318 8.53102 -3.1 1 
340 -9.6318 8.53102 -3.2 6 
341 -9.53197 8.52518 -3.2 1 
342 -9.53197 8.52518 -3.3 6 
343 -9.43322 8.50941 -3.3 1 
344 -9.41745 8.60816 -3.3 3 
345 -9.40167 8.7069 -3.3 3 
346 -9.3859 8.80565 -3.3 3 
347 -9.37013 8.9044 -3.3 3 
348 -9.27138 8.88862 -3.3 1 
349 -9.17263 8.87285 -3.3 1 
350 -9.07388 8.85707 -3.3 1 
351 -9.07388 8.85707 -3.4 6 
352 -8.9772 8.83152 -3.4 1 
353 -8.9772 8.83152 -3.5 6 
354 -8.88356 8.79644 -3.5 1 
355 -8.88356 8.79644 -3.6 6 
356 -8.79388 8.75219 -3.6 1 
357 -8.7042 8.70794 -3.6 1 
358 -8.7042 8.70794 -3.7 6 
359 -8.61939 8.65495 -3.7 1 
360 -8.61939 8.65495 -3.8 6 
361 -8.5403 8.59377 -3.8 1 
362 -8.5403 8.59377 -3.9 6 
363 -8.4677 8.52499 -3.9 1 
364 -8.4677 8.52499 -4 6 
365 -8.40234 8.44931 -4 1 
366 -8.32666 8.51468 -4 3 
367 -8.25098 8.58004 -4 3 
368 -8.1753 8.64541 -4 3 
369 -8.09962 8.71077 -4 3 
370 -8.03425 8.63509 -4 1 
371 -8.03425 8.63509 -4.1 6 
372 -7.97677 8.55326 -4.1 1 
373 -7.91929 8.47143 -4.1 1 
374 -7.83746 8.52892 -4.1 3 
375 -7.83746 8.52892 -4 5 
376 -7.83746 8.52892 -3.9 5 
377 -7.76487 8.46014 -3.9 1 
378 -7.69228 8.39136 -3.9 1 
379 -7.61968 8.32259 -3.9 1 
380 -7.61968 8.32259 -3.8 5 
381 -7.54059 8.2614 -3.8 1 
382 -7.54059 8.2614 -3.7 5 
383 -7.45578 8.20842 -3.7 1 
384 -7.45578 8.20842 -3.6 5 
385 -7.3661 8.16417 -3.6 1 
386 -7.3661 8.16417 -3.5 5 
387 -7.27245 8.12909 -3.5 1 
388 -7.27245 8.12909 -3.4 5 
389 -7.17577 8.10353 -3.4 1 
390 -7.17577 8.10353 -3.3 5 
391 -7.07703 8.08776 -3.3 1 
392 -7.07703 8.08776 -3.2 5 
393 -6.9772 8.08192 -3.2 1 
394 -6.9772 8.08192 -3.1 5 
395 -6.87728 8.08608 -3.1 1 
396 -6.87728 8.08608 -3 5 
397 -6.77828 8.10019 -3 1 
398 -6.77828 8.10019 -3.1 6 
399 -6.67837 8.10435 -3.1 1 
400 -6.57846 8.10851 -3.1 1 
401 -6.57846 8.10851 -3.2 6 
402 -6.47863 8.10267 -3.2 1 
403 -6.47863 8.10267 -3.3 6 
404 -6.37988 8.08689 -3.3 1 
405 -6.37988 8.08689 -3.4 6 
406 -6.2832 8.06134 -3.4 1 
407 -6.2832 8.06134 -3.5 6 
408 -6.18955 8.02626 -3.5 1 
409 -6.18955 8.02626 -3.6 6 
410 -6.09988 7.98201 -3.6 1 
411 -6.09988 7.98201 -3.7 6 
412 -6.01507 7.92903 -3.7 1 
413 -6.01507 7.92903 -3.8 6 
414 -5.93597 7.86784 -3.8 1 
415 -5.93597 7.86784 -3.9 6 
416 -5.86719 7.94043 -3.9 3 
417 -5.86719 7.94043 -4 6 
418 -5.80183 7.86475 -4 1 
419 -5.72615 7.93012 -4 3 
420 -5.65047 7.99548 -4 3 
421 -5.57479 8.06085 -4 3 
422 -5.57479 8.06085 -4.1 6 
423 -5.51731 7.97902 -4.1 1 
424 -5.45983 7.89719 -4.1 1 
425 -5.40234 7.81536 -4.1 1 
426 -5.40234 7.81536 -4.2 6 
427 -5.35332 7.72821 -4.2 1 
428 -5.35332 7.72821 -4.3 6 
429 -5.31324 7.63659 -4.3 1 
430 -5.27316 7.54497 -4.3 1 
431 -5.23308 7.45336 -4.3 1 
432 -5.193 7.36174 -4.3 1 
433 -5.193 7.36174 -4.2 5 
434 -5.14397 7.27458 -4.2 1 
435 -5.14397 7.27458 -4.1 5 
436 -5.08649 7.19275 -4.1 1 
437 -5.08649 7.19275 -4 5 
438 -5.02112 7.11707 -4 1 
439 -5.02112 7.11707 -3.9 5 
440 -4.94853 7.0483 -3.9 1 
441 -4.87594 6.97952 -3.9 1 
442 -4.87594 6.97952 -3.8 5 
443 -4.79684 6.91834 -3.8 1 
444 -4.71774 6.85715 -3.8 1 
445 -4.63865 6.79596 -3.8 1 
446 -4.55955 6.73478 -3.8 1 
447 -4.48045 6.67359 -3.8 1 
448 -4.48045 6.67359 -3.7 5 
449 -4.39564 6.62061 -3.7 1 
450 -4.39564 6.62061 -3.6 5 
451 -4.30597 6.57636 -3.6 1 
452 -4.30597 6.57636 -3.5 5 
453 -4.21232 6.54128 -3.5 1 
454 -4.11868 6.5062 -3.5 1 
455 -4.02503 6.47112 -3.5 1 
456 -3.93139 6.43604 -3.5 1 
457 -3.89631 6.52969 -3.5 3 
458 -3.89631 6.52969 -3.6 6 
459 -3.85205 6.61936 -3.6 3 
460 -3.8078 6.70904 -3.6 3 
461 -3.8078 6.70904 -3.7 6 
462 -3.72299 6.65606 -3.7 1 
463 -3.63818 6.60307 -3.7 1 
464 -3.55337 6.55009 -3.7 1 
465 -3.46856 6.49711 -3.7 1 
466 -3.46856 6.49711 -3.8 6 
467 -3.38947 6.43592 -3.8 1 
468 -3.31037 6.37473 -3.8 1 
469 -3.23127 6.31355 -3.8 1 
470 -3.23127 6.31355 -3.9 6 
471 -3.15868 6.24477 -3.9 1 
472 -3.15868 6.24477 -4 6 
473 -3.09331 6.16909 -4 1 
474 -3.02795 6.09341 -4 1 
475 -2.96259 6.01773 -4 1 
476 -2.96259 6.01773 -4.1 6 
477 -2.9051 5.9359 -4.1 1 
478 -2.84762 5.85408 -4.1 1 
479 -2.79014 5.77225 -4.1 1 
480 -2.73266 5.69042 -4.1 1 
481 -2.67517 5.60859 -4.1 1 
482 -2.67517 5.60859 -4.2 6 
483 -2.62615 5.52144 -4.2 1 
484 -2.62615 5.52144 -4.3 6 
485 -2.58607 5.42982 -4.3 1 
486 -2.58607 5.42982 -4.4 6 
487 -2.55533 5.33466 -4.4 1 
488 -2.55533 5.33466 -4.5 6 
489 -2.53426 5.23691 -4.5 1 
490 -2.51318 5.13915 -4.5 1 
491 -2.4921 5.0414 -4.5 1 
492 -2.4921 5.0414 -4.6 6 
493 -2.48088 4.94203 -4.6 1 
494 -2.46967 4.84266 -4.6 1 
495 -2.45845 4.74329 -4.6 1 
496 -2.44724 4.64392 -4.6 1 
497 -2.44724 4.64392 -4.7 6 
498 -2.44724 4.64392 -4.8 6 
499 -2.45598 4.54431 -4.8 1 
500 -2.46473 4.44469 -4.8 1 
501 -2.47348 4.34507 -4.8 1 
502 -2.48223 4.24546 -4.8 1 
503 -2.38262 4.23671 -4.8 3 
504 -2.283 4.22796 -4.8 3 
505 -2.283 4.22796 -4.7 5 
506 -2.283 4.22796 -4.6 5 
507 -2.283 4.22796 -4.5 5 
508 -2.18525 4.24904 -4.5 3 
509 -2.0875 4.27012 -4.5 3 
510 -2.0875 4.27012 -4.4 5 
511 -1.99234 4.30085 -4.4 3 
512 -1.9616 4.20569 -4.4 1 
513 -1.93087 4.11053 -4.4 1 
514 -1.90014 4.01537 -4.4 1 
515 -1.8694 3.92021 -4.4 1 
516 -1.83867 3.82505 -4.4 1 
517 -1.83867 3.82505 -4.5 6 
518 -1.93642 3.80397 -4.5 4 
519 -2.03418 3.78289 -4.5 4 
520 -2.13193 3.76181 -4.5 4 
521 -2.22968 3.74073 -4.5 4 
522 -2.2086 3.64298 -4.5 1 
523 -2.2086 3.64298 -4.6 6 
524 -2.2086 3.64298 -4.7 6 
525 -2.20736 3.54299 -4.7 1 
526 -2.20612 3.44299 -4.7 1 
527 -2.20612 3.44299 -4.8 6 
528 -2.21487 3.34338 -4.8 1 
529 -2.22362 3.24376 -4.8 1 
530 -2.23237 3.14414 -4.8 1 
531 -2.24112 3.04453 -4.8 1 
532 -2.24987 2.94491 -4.8 1 
533 -2.25862 2.84529 -4.8 1 
534 -2.25862 2.84529 -4.7 5 
535 -2.25862 2.84529 -4.6 5 
536 -2.25862 2.84529 -4.5 5 
537 -2.23754 2.74754 -4.5 1 
538 -2.21646 2.64979 -4.5 1 
539 -2.19538 2.55204 -4.5 1 
540 -2.19538 2.55204 -4.4 5 
541 -2.19538 2.55204 -4.3 5 
542 -2.19538 2.55204 -4.2 5 
543 -2.14636 2.46488 -4.2 1 
544 -2.09733 2.37772 -4.2 1 
545 -2.04831 2.29056 -4.2 1 
546 -2.04831 2.29056 -4.1 5 
547 -1.99082 2.20873 -4.1 1 
548 -1.93334 2.12691 -4.1 1 
549 -1.87586 2.04508 -4.1 1 
550 -1.87586 2.04508 -4 5 
551 -1.87586 2.04508 -3.9 5 
552 -1.87586 2.04508 -3.8 5 
553 -1.79676 1.98389 -3.8 1 
554 -1.71767 1.92271 -3.8 1 
555 -1.71767 1.92271 -3.7 5 
556 -1.63286 1.86972 -3.7 1 
557 -1.54805 1.81674 -3.7 1 
558 -1.46324 1.76376 -3.7 1 
559 -1.46324 1.76376 -3.6 5 
560 -1.37356 1.7195 -3.6 1 
561 -1.28388 1.67525 -3.6 1 
562 -1.19421 1.631 -3.6 1 
563 -1.10453 1.58675 -3.6 1 
564 -1.10453 1.58675 -3.7 6 
565 -1.01972 1.53376 -3.7 1 
566 -1.01972 1.53376 -3.8 6 
567 -0.940625 1.47258 -3.8 1 
568 -0.940625 1.47258 -3.9 6 
569 -0.868032 1.4038 -3.9 1 
570 -0.868032 1.4038 -4 6 
571 -0.802668 1.32812 -4 1 
572 -0.802668 1.32812 -4.1 6 
573 -0.745185 1.24629 -4.1 1 
574 -0.745185 1.24629 -4.2 6 
575 -0.696159 1.15914 -4.2 1 
576 -0.696159 1.15914 -4.3 6 
577 -0.656079 1.06752 -4.3 1 
578 -0.615999 0.975904 -4.3 1 
579 -0.615999 0.975904 -4.4 6 
580 -0.585266 0.880744 -4.4 1 
581 -0.554533 0.785583 -4.4 1 
582 -0.5238 0.690423 -4.4 1 
583 -0.493066 0.595263 -4.4 1 
584 -0.462333 0.500103 -4.4 1 
585 -0.462333 0.500103 -4.5 6 
586 -0.462333 0.500103 -4.6 6 
587 -0.462333 0.500103 -4.7 6 
588 -0.462333 0.500103 -4.8 6 
589 -0.471083 0.400486 -4.8 1 
590 -0.371466 0.391736 -4.8 3 
591 -0.27185 0.382987 -4.8 3 
592 -0.172233 0.374237 -4.8 3 
593 -0.172233 0.374237 -4.9 6 
594 -0.172233 0.374237 -5 6 
595 -0.2006 0.278344 -5 1 
596 -0.228966 0.182452 -5 1 
597 -0.228966 0.182452 -5.1 6 
598 -0.266764 0.0898703 -5.1 1 
599 -0.266764 0.0898703 -5.2 6 
600 -0.266764 0.0898703 -5.3 6 
601 -0.183537 0.0344329 -5.3 3 
602 -0.10031 -0.0210045 -5.3 3 
603 -0.10031 -0.0210045 -5.2 5 
604 -0.10031 -0.0210045 -5.1 5 
605 -0.10031 -0.0210045 -5 5 
606 -0.0044178 -0.0493707 -5 3 
607 0.0914746 -0.077737 -5 3 
608 0.187367 -0.106103 -5 3 
609 0.283259 -0.134469 -5 3 
610 0.283259 -0.134469 -5.1 6 
611 0.283259 -0.134469 -5.2 6 
612 0.236408 -0.222815 -5.2 1 
613 0.236408 -0.222815 -5.3 6 
614 0.18097 -0.306042 -5.3 1 
615 0.18097 -0.306042 -5.4 6 
616 0.117501 -0.383318 -5.4 1 
617 0.117501 -0.383318 -5.5 6 
618 0.0466341 -0.453872 -5.5 1 
619 0.0466341 -0.453872 -5.6 6 
620 -0.0309225 -0.516999 -5.6 1 
621 -0.0309225 -0.516999 -5.7 6 
622 -0.114394 -0.572067 -5.7 1 
623 -0.114394 -0.572067 -5.8 6 
624 -0.202946 -0.618528 -5.8 1 
625 -0.202946 -0.618528 -5.9 6 
626 -0.295694 -0.655915 -5.9 1 
627 -0.388441 -0.693303 -5.9 1 
628 -0.388441 -0.693303 -6 6 
629 -0.484458 -0.721244 -6 1 
630 -0.484458 -0.721244 -6.1 6 
631 -0.582785 -0.739461 -6.1 1 
632 -0.582785 -0.739461 -6.2 6 
633 -0.682439 -0.74777 -6.2 1 
634 -0.782094 -0.756079 -6.2 1 
635 -0.881748 -0.764387 -6.2 1 
636 -0.881748 -0.764387 -6.3 6 
637 -0.883429 -0.864373 -6.3 3 
638 -0.885111 -0.964359 -6.3 3 
639 -0.886792 -1.06435 -6.3 3 
640 -0.886792 -1.06435 -6.4 6 
641 -0.986111 -1.05269 -6.4 1 
642 -1.08543 -1.04104 -6.4 1 
643 -1.08543 -1.04104 -6.5 6 
644 -1.18309 -1.01952 -6.5 1 
645 -1.28075 -0.998011 -6.5 1 
646 -1.28075 -0.998011 -6.6 6 
647 -1.28075 -0.998011 -6.7 6 
648 -1.32123 -1.08945 -6.7 3 
649 -1.36172 -1.18089 -6.7 3 
650 -1.4022 -1.27233 -6.7 3 
651 -1.49364 -1.23184 -6.7 1 
652 -1.58508 -1.19136 -6.7 1 
653 -1.67652 -1.15087 -6.7 1 
654 -1.76795 -1.11039 -6.7 1 
655 -1.85939 -1.0699 -6.7 1 
656 -1.85939 -1.0699 -6.8 6 
657 -1.94633 -1.02049 -6.8 1 
658 -2.03327 -0.971079 -6.8 1 
659 -2.12021 -0.921667 -6.8 1 
660 -2.20715 -0.872256 -6.8 1 
661 -2.29409 -0.822845 -6.8 1 
662 -2.38103 -0.773433 -6.8 1 
663 -2.46797 -0.724022 -6.8 1 
664 -2.55491 -0.67461 -6.8 1 
665 -2.64185 -0.625199 -6.8 1 
666 -2.72879 -0.575788 -6.8 1 
667 -2.81573 -0.526376 -6.8 1 
668 -2.90267 -0.476965 -6.8 1 
669 -2.98961 -0.427554 -6.8 1 
670 -3.07655 -0.378143 -6.8 1 
671 -3.07655 -0.378143 -6.7 5 
672 -3.16799 -0.337658 -6.7 1 
673 -3.25943 -0.297173 -6.7 1 
674 -3.35086 -0.256688 -6.7 1 
675 -3.35086 -0.256688 -6.6 5 
676 -3.35086 -0.256688 -6.7 6 
